/prep7
K, 1, 30.1625, 38.8938, 23.3712
K, 2, 30.2948, 37.5709, 23.3688
K, 3, 30.4271, 36.2479, 23.3674
K, 4, 30.6035, 40.2167, 23.3605
K, 5, 31.0445, 41.5396, 23.3319
K, 6, 31.395, 39.3052, 23.3328
K, 7, 31.4854, 35.0132, 23.3338
K, 8, 31.4854, 42.8625, 23.3343
K, 9, 31.5671, 38.1009, 23.3212
K, 10, 31.668, 36.5853, 23.3387
K, 11, 31.9689, 40.3703, 23.3659
K, 12, 32.2792, 44.3177, 23.4252
K, 13, 32.4849, 41.6463, 23.4767
K, 14, 32.5438, 33.7785, 23.4918
K, 15, 32.6285, 39.0114, 23.517
K, 16, 32.9166, 35.4429, 23.5861
K, 17, 33.0729, 45.7729, 23.6298
K, 18, 33.1288, 43.0251, 23.6211
K, 19, 33.2134, 37.3191, 23.6458
K, 20, 33.3009, 40.3357, 23.6672
K, 21, 33.6021, 32.5438, 23.6969
K, 22, 33.6021, 47.2723, 23.6924
K, 23, 33.8627, 44.3725, 23.711
K, 24, 33.8784, 41.6907, 23.7168
K, 25, 34.0775, 34.1694, 23.7231
K, 26, 34.1052, 38.9218, 23.7177
K, 27, 34.1313, 48.7716, 23.7202
K, 28, 34.4962, 35.862, 23.7226
K, 29, 34.569, 42.9668, 23.7265
K, 30, 34.6091, 45.852, 23.7192
K, 31, 34.6559, 40.4547, 23.7212
K, 32, 34.6604, 50.2709, 23.724
K, 33, 34.7266, 31.4854, 23.7236
K, 34, 35.0164, 37.5729, 23.7299
K, 35, 35.0457, 41.7404, 23.7299
K, 36, 35.1736, 33.0187, 23.7362
K, 37, 35.261, 47.3168, 23.7353
K, 38, 35.4313, 44.2618, 23.7382
K, 39, 35.5499, 39.2767, 23.7402
K, 40, 35.628, 34.6036, 23.7445
K, 41, 35.8511, 30.4271, 23.7455
K, 42, 35.8992, 48.8638, 23.7459
K, 43, 35.9926, 40.8837, 23.7474
K, 44, 36.0068, 42.6487, 23.7489
K, 45, 36.0958, 36.2571, 23.7489
K, 46, 36.2695, 45.7674, 23.7528
K, 47, 36.2736, 31.9449, 23.7537
K, 48, 36.5593, 38.0127, 23.7528
K, 49, 36.6007, 50.4473, 23.762
K, 50, 36.7235, 33.4736, 23.7683
K, 51, 36.9699, 39.8145, 23.7726
K, 52, 36.9755, 29.3688, 23.7809
K, 53, 36.9976, 47.3979, 23.7819
K, 54, 37.1921, 35.0385, 23.8038
K, 55, 37.2562, 43.9141, 23.8072
K, 56, 37.304, 41.7706, 23.8091
K, 57, 37.4851, 30.8074, 23.8364
K, 58, 37.6458, 36.7249, 23.8553
K, 59, 37.7439, 48.9784, 23.8674
K, 60, 37.8731, 32.3563, 23.8908
K, 61, 38.0565, 38.4875, 23.9112
K, 62, 38.0616, 45.8616, 23.9121
K, 63, 38.1, 28.3104, 23.9219
K, 64, 38.2995, 33.8977, 23.9457
K, 65, 38.3196, 40.6043, 23.9486
K, 66, 38.541, 50.6236, 23.9802
K, 67, 38.6029, 42.6151, 23.9895
K, 68, 38.7618, 35.4921, 24.0132
K, 69, 38.8326, 47.5271, 24.022
K, 70, 38.9171, 29.4846, 24.0336
K, 71, 39.086, 31.239, 24.057
K, 72, 39.1474, 44.3882, 24.0628
K, 73, 39.196, 37.1923, 24.0701
K, 74, 39.4545, 32.7412, 24.1027
K, 75, 39.5817, 27.6754, 24.1182
K, 76, 39.6213, 38.8984, 24.1182
K, 77, 39.6322, 49.1429, 24.1226
K, 78, 39.6986, 41.7299, 24.1323
K, 79, 39.9024, 46.0774, 24.1513
K, 80, 39.9168, 34.2934, 24.1551
K, 81, 40.161, 43.1373, 24.1712
K, 82, 40.3215, 40.4393, 24.1819
K, 83, 40.3277, 35.9512, 24.1892
K, 84, 40.3788, 31.6913, 24.1873
K, 85, 40.4813, 50.8, 24.1936
K, 86, 40.4916, 30.3109, 24.193
K, 87, 40.6957, 47.6868, 24.2057
K, 88, 40.7401, 28.6807, 24.2043
K, 89, 40.7629, 37.5999, 24.2062
K, 90, 40.9485, 44.6768, 24.2096
K, 91, 41.0634, 27.0404, 24.214
K, 92, 41.0735, 39.1062, 24.214
K, 93, 41.1331, 41.8292, 24.2179
K, 94, 41.2125, 32.948, 24.2198
K, 95, 41.4616, 34.7795, 24.2262
K, 96, 41.4967, 49.2995, 24.2271
K, 97, 41.744, 46.2535, 24.2252
K, 98, 41.748, 31.2184, 24.2271
K, 99, 41.8695, 36.3896, 24.2305
K, 100, 41.9769, 43.3082, 24.2295
K, 101, 42.0435, 29.6099, 24.23
K, 102, 42.0481, 40.2477, 24.228
K, 103, 42.2452, 50.9764, 24.2325
K, 104, 42.3133, 27.9894, 24.2315
K, 105, 42.524, 47.855, 24.2339
K, 106, 42.545, 26.4054, 24.2343
K, 107, 42.5729, 38.2549, 24.2353
K, 108, 42.7265, 35.2241, 24.2388
K, 109, 42.7847, 44.8448, 24.2359
K, 110, 42.7986, 33.8499, 24.2383
K, 111, 43.0073, 41.7849, 24.2392
K, 112, 43.0122, 32.2161, 24.2397
K, 113, 43.2807, 49.4876, 24.2485
K, 114, 43.3262, 30.5645, 24.248
K, 115, 43.4967, 36.3692, 24.2523
K, 116, 43.5605, 46.4197, 24.2519
K, 117, 43.5938, 28.9407, 24.2553
K, 118, 43.8201, 27.3346, 24.2596
K, 119, 43.8203, 43.4386, 24.2572
K, 120, 44.0091, 51.1528, 24.2631
K, 121, 44.0234, 34.7956, 24.265
K, 122, 44.0267, 25.7704, 24.2635
K, 123, 44.1673, 39.8979, 24.2665
K, 124, 44.3177, 48.0204, 24.2713
K, 125, 44.3394, 33.1932, 24.2718
K, 126, 44.5415, 37.7239, 24.2791
K, 127, 44.5966, 45.0067, 24.2776
K, 128, 44.6191, 31.5525, 24.2786
K, 129, 44.8727, 29.9241, 24.2878
K, 130, 44.8914, 41.9513, 24.2849
K, 131, 45.0492, 49.6586, 24.2878
K, 132, 45.0934, 28.3116, 24.2918
K, 133, 45.1533, 35.9267, 24.2912
K, 134, 45.2956, 26.7192, 24.2927
K, 135, 45.3524, 46.5807, 24.2966
K, 136, 45.5084, 25.1354, 24.2956
K, 137, 45.5997, 34.2391, 24.2991
K, 138, 45.6347, 43.5947, 24.2981
K, 139, 45.7729, 51.3292, 24.3024
K, 140, 45.9196, 32.5797, 24.3044
K, 141, 45.9951, 38.7673, 24.3058
K, 142, 46.0837, 48.1889, 24.3078
K, 143, 46.1149, 40.5551, 24.3082
K, 144, 46.1713, 30.9251, 24.3107
K, 145, 46.3653, 29.3104, 24.317
K, 146, 46.3853, 37.0956, 24.3151
K, 147, 46.3881, 45.1692, 24.3175
K, 148, 46.5592, 27.7052, 24.3209
K, 149, 46.6983, 42.2047, 24.3248
K, 150, 46.745, 26.1146, 24.3242
K, 151, 46.8205, 49.8153, 24.3277
K, 152, 46.8506, 35.374, 24.3297
K, 153, 46.9195, 24.5181, 24.3306
K, 154, 47.114, 46.754, 24.3394
K, 155, 47.2274, 33.6745, 24.3437
K, 156, 47.2676, 39.5593, 24.3428
K, 157, 47.4294, 43.7817, 24.353
K, 158, 47.5092, 31.9939, 24.354
K, 159, 47.625, 51.4174, 24.3617
K, 160, 47.6279, 38.2218, 24.3593
K, 161, 47.7077, 30.3512, 24.3661
K, 162, 47.7938, 40.8531, 24.3695
K, 163, 47.8679, 48.3578, 24.3738
K, 164, 47.871, 28.7285, 24.3758
K, 165, 48.0325, 27.1181, 24.385
K, 166, 48.1213, 36.5796, 24.3914
K, 167, 48.154, 45.3516, 24.3953
K, 168, 48.1776, 25.5008, 24.3947
K, 169, 48.3306, 23.9007, 24.4074
K, 170, 48.4696, 42.3887, 24.4186
K, 171, 48.5562, 34.851, 24.4283
K, 172, 48.6456, 49.9428, 24.4346
K, 173, 48.6473, 39.458, 24.4346
K, 174, 48.9011, 46.9367, 24.4638
K, 175, 48.9218, 33.1167, 24.4662
K, 176, 49.1616, 31.411, 24.4949
K, 177, 49.1887, 43.9756, 24.4953
K, 178, 49.2802, 29.7547, 24.5095
K, 179, 49.3509, 37.8711, 24.5177
K, 180, 49.4074, 28.1368, 24.5275
K, 181, 49.4752, 40.9571, 24.5411
K, 182, 49.4771, 51.5056, 24.5401
K, 183, 49.5165, 26.5249, 24.5474
K, 184, 49.612, 24.9083, 24.5658
K, 185, 49.6678, 48.5096, 24.5731
K, 186, 49.7417, 23.2833, 24.5891
K, 187, 49.9032, 36.1392, 24.6164
K, 188, 49.9184, 45.5417, 24.6207
K, 189, 50.2155, 42.5546, 24.6796
K, 190, 50.337, 39.3236, 24.7063
K, 191, 50.3381, 34.3621, 24.7082
K, 192, 50.472, 50.0659, 24.7359
K, 193, 50.6843, 47.1054, 24.7835
K, 194, 50.7939, 30.7589, 24.8059
K, 195, 50.8658, 32.5285, 24.8239
K, 196, 50.8941, 29.1558, 24.8297
K, 197, 50.9449, 27.5418, 24.8428
K, 198, 50.9547, 44.1474, 24.8448
K, 199, 51.0136, 25.941, 24.8589
K, 200, 51.1895, 41.0856, 24.8929
K, 201, 51.2075, 24.297, 24.9031
K, 202, 51.3292, 51.5938, 24.926
K, 203, 51.3909, 37.6359, 24.941
K, 204, 51.487, 48.6527, 24.958
K, 205, 51.5056, 22.5778, 24.9639
K, 206, 51.6605, 35.6294, 24.9965
K, 207, 51.7124, 45.7062, 25.0086
K, 208, 51.9912, 42.7391, 25.0577
K, 209, 52.0668, 31.5176, 25.0727
K, 210, 52.123, 39.5992, 25.0844
K, 211, 52.2441, 34.012, 25.1091
K, 212, 52.2784, 50.2083, 25.114
K, 213, 52.3825, 28.5533, 25.1354
K, 214, 52.4927, 26.9346, 25.1583
K, 215, 52.5155, 47.2515, 25.1631
K, 216, 52.5293, 33.9832, 25.1887
K, 217, 52.5379, 34.3038, 25.1777
K, 218, 52.5464, 33.5105, 25.1741
K, 219, 52.5535, 50.239, 25.1873
K, 220, 52.5596, 49.8125, 25.1783
K, 221, 52.566, 29.5787, 25.1717
K, 222, 52.5712, 30.3997, 25.1727
K, 223, 52.5718, 50.8681, 25.1749
K, 224, 52.5736, 30.2056, 25.1724
K, 225, 52.5743, 30.1185, 25.1727
K, 226, 52.5795, 28.6171, 25.1905
K, 227, 52.5831, 47.2586, 25.1832
K, 228, 52.5834, 26.2251, 25.1773
K, 229, 52.5836, 28.4363, 25.1844
K, 230, 52.5837, 47.3931, 25.1792
K, 231, 52.5853, 47.1597, 25.1797
K, 232, 52.5877, 26.9081, 25.1862
K, 233, 52.5896, 27.0062, 25.1822
K, 234, 52.595, 25.3605, 25.1804
K, 235, 52.5952, 43.9504, 25.1792
K, 236, 52.5968, 40.5445, 25.1844
K, 237, 52.597, 25.2524, 25.1811
K, 238, 52.6014, 44.3059, 25.18
K, 239, 52.6023, 39.6808, 25.2123
K, 240, 52.6028, 44.5539, 25.1819
K, 241, 52.6121, 32.1162, 25.189
K, 242, 52.6126, 39.0733, 25.1917
K, 243, 52.6166, 41.8677, 25.1891
K, 244, 52.62, 31.5066, 25.2107
K, 245, 52.6318, 23.4231, 25.1904
K, 246, 52.635, 23.7455, 25.1909
K, 247, 52.6361, 41.2894, 25.1939
K, 248, 52.6377, 36.363, 25.1955
K, 249, 52.6383, 42.8113, 25.2196
K, 250, 52.6433, 32.6084, 25.1971
K, 251, 52.6445, 36.8526, 25.1968
K, 252, 52.6543, 51.7528, 25.1939
K, 253, 52.6613, 48.7595, 25.2101
K, 254, 52.6666, 35.3691, 25.218
K, 255, 52.6726, 30.1748, 25.1928
K, 256, 52.6811, 45.7977, 25.2198
K, 257, 52.6824, 22.1071, 25.208
K, 258, 52.6929, 38.0594, 25.215
K, 259, 52.6987, 25.3224, 25.2015
K, 260, 52.7811, 44.3232, 25.2166
K, 261, 52.9165, 23.6368, 25.2477
K, 262, 52.9828, 51.7922, 25.2603
K, 263, 52.9954, 41.34, 25.2686
K, 264, 52.9967, 36.6326, 25.2686
K, 265, 53.0784, 32.628, 25.2885
K, 266, 53.2686, 48.8148, 25.3405
K, 267, 53.2695, 21.8722, 25.3298
K, 268, 53.3559, 38.275, 25.3546
K, 269, 53.4155, 35.1754, 25.3828
K, 270, 53.558, 45.8806, 25.411
K, 271, 53.6704, 27.8041, 25.4493
K, 272, 53.8143, 31.483, 25.5087
K, 273, 53.8269, 42.944, 25.5169
K, 274, 53.9865, 50.3992, 25.569
K, 275, 54.0953, 29.1079, 25.6146
K, 276, 54.1147, 39.9385, 25.6161
K, 277, 54.2477, 33.8097, 25.668
K, 278, 54.2748, 26.438, 25.6812
K, 279, 54.2852, 36.0455, 25.6836
K, 280, 54.3232, 24.6733, 25.7002
K, 281, 54.3243, 47.4415, 25.7002
K, 282, 54.3619, 37.2932, 25.7138
K, 283, 54.6252, 23.0052, 25.81
K, 284, 54.6365, 51.9907, 25.8207
K, 285, 54.6436, 44.5218, 25.8192
K, 286, 54.7832, 30.6248, 25.8673
K, 287, 54.9418, 41.5761, 25.9227
K, 288, 55.0334, 21.1667, 25.9442
K, 289, 55.0383, 49.0037, 25.9436
K, 290, 55.143, 27.9728, 25.9971
K, 291, 55.1685, 38.5687, 25.9874
K, 292, 55.2351, 34.9756, 25.9995
K, 293, 55.3657, 32.4499, 26.0394
K, 294, 55.4212, 46.0884, 26.0627
K, 295, 55.5432, 25.4975, 26.0739
K, 296, 55.6973, 50.6114, 26.0973
K, 297, 55.7588, 43.1783, 26.104
K, 298, 55.9374, 24.1199, 26.1351
K, 299, 55.9561, 29.4206, 26.1332
K, 300, 55.9941, 36.9248, 26.1366
K, 301, 56.0357, 40.1871, 26.1443
K, 302, 56.1724, 47.6658, 26.158
K, 303, 56.2029, 26.7959, 26.1585
K, 304, 56.2901, 52.1891, 26.1667
K, 305, 56.3022, 22.5186, 26.1672
K, 306, 56.4849, 33.7699, 26.1808
K, 307, 56.5471, 44.7407, 26.1862
K, 308, 56.5547, 21.0344, 26.1856
K, 309, 56.7676, 30.9677, 26.1993
K, 310, 56.8727, 41.8272, 26.2008
K, 311, 56.8768, 49.2758, 26.2056
K, 312, 57.0324, 28.1937, 26.2105
K, 313, 57.0571, 25.3549, 26.2148
K, 314, 57.0642, 38.7445, 26.2153
K, 315, 57.3103, 46.3265, 26.2285
K, 316, 57.4595, 35.523, 26.2386
K, 317, 57.5053, 50.8838, 26.2459
K, 318, 57.5959, 22.0585, 26.244
K, 319, 57.668, 43.4217, 26.2566
K, 320, 57.7117, 32.5003, 26.2595
K, 321, 57.7797, 23.6213, 26.2644
K, 322, 57.9115, 29.6058, 26.278
K, 323, 57.9209, 40.4115, 26.2775
K, 324, 57.9438, 52.3875, 26.2799
K, 325, 57.9915, 26.7833, 26.2882
K, 326, 58.0761, 20.9021, 26.2974
K, 327, 58.0889, 47.9412, 26.2965
K, 328, 58.2321, 37.3474, 26.313
K, 329, 58.4531, 45.0016, 26.3397
K, 330, 58.7252, 42.0312, 26.3684
K, 331, 58.7855, 34.1084, 26.3762
K, 332, 58.838, 49.5898, 26.3835
K, 333, 58.8615, 25.2755, 26.3859
K, 334, 58.8713, 31.0858, 26.3873
K, 335, 58.9074, 22.2087, 26.3913
K, 336, 58.9277, 28.2333, 26.3937
K, 337, 58.945, 39.0268, 26.3956
K, 338, 59.2562, 46.5818, 26.434
K, 339, 59.4255, 51.2616, 26.452
K, 340, 59.5153, 43.6156, 26.4627
K, 341, 59.5974, 20.7698, 26.4719
K, 342, 59.7149, 23.7132, 26.4845
K, 343, 59.7228, 40.6008, 26.4845
K, 344, 59.7959, 52.9167, 26.4924
K, 345, 59.8516, 26.7844, 26.4991
K, 346, 59.9117, 29.6873, 26.5059
K, 347, 59.9206, 32.6045, 26.5059
K, 348, 59.9422, 37.8481, 26.5084
K, 349, 59.9874, 36.0173, 26.5128
K, 350, 60.1242, 48.1833, 26.5268
K, 351, 60.3316, 45.1741, 26.5458
K, 352, 60.496, 22.1871, 26.5598
K, 353, 60.4999, 42.172, 26.5598
K, 354, 60.6976, 25.2761, 26.574
K, 355, 60.7156, 39.1964, 26.5744
K, 356, 60.8566, 28.2341, 26.5857
K, 357, 60.9713, 31.1229, 26.5905
K, 358, 61.0876, 34.2267, 26.5968
K, 359, 61.1188, 20.6375, 26.5973
K, 360, 61.1759, 49.968, 26.6012
K, 361, 61.2214, 46.7044, 26.6007
K, 362, 61.3166, 43.7156, 26.606
K, 363, 61.3978, 51.8305, 26.608
K, 364, 61.4364, 40.7108, 26.6056
K, 365, 61.505, 23.6765, 26.609
K, 366, 61.648, 53.4459, 26.607
K, 367, 61.7078, 37.6347, 26.608
K, 368, 61.7241, 26.7246, 26.606
K, 369, 61.9144, 29.6481, 26.6051
K, 370, 62.096, 32.5831, 26.5983
K, 371, 62.2062, 45.2064, 26.5939
K, 372, 62.2316, 42.2294, 26.5939
K, 373, 62.2454, 48.2059, 26.5924
K, 374, 62.2642, 22.1154, 26.5924
K, 375, 62.3271, 35.9144, 26.589
K, 376, 62.3359, 39.2537, 26.5881
K, 377, 62.5409, 25.1516, 26.5774
K, 378, 62.7871, 28.1363, 26.5623
K, 379, 62.9037, 51.0082, 26.5531
K, 380, 63.0355, 31.0271, 26.5444
K, 381, 63.0784, 40.7954, 26.541
K, 382, 63.1032, 20.5052, 26.539
K, 383, 63.1172, 43.6957, 26.538
K, 384, 63.2037, 46.6353, 26.5307
K, 385, 63.3146, 34.1058, 26.5215
K, 386, 63.3249, 37.6971, 26.5205
K, 387, 63.356, 23.5758, 26.5185
K, 388, 63.4888, 49.549, 26.5064
K, 389, 63.5, 53.975, 26.5059
K, 390, 63.6117, 26.5778, 26.4962
K, 391, 63.6205, 52.4152, 26.4952
K, 392, 63.902, 29.4925, 26.4709
K, 393, 63.914, 39.3985, 26.4695
K, 394, 63.9321, 42.2544, 26.4681
K, 395, 64.0994, 45.098, 26.4525
K, 396, 64.2058, 21.9894, 26.4428
K, 397, 64.2133, 32.3855, 26.4423
K, 398, 64.3186, 47.9924, 26.4326
K, 399, 64.4425, 25.0077, 26.4223
K, 400, 64.6652, 40.839, 26.4024
K, 401, 64.7146, 35.9519, 26.398
K, 402, 64.7292, 27.9454, 26.3966
K, 403, 64.7612, 50.7703, 26.3937
K, 404, 64.9439, 43.5608, 26.3791
K, 405, 65.0618, 30.8044, 26.3703
K, 406, 65.0875, 20.3729, 26.3679
K, 407, 65.0976, 38.0968, 26.3664
K, 408, 65.1791, 46.4577, 26.3606
K, 409, 65.286, 53.7766, 26.3529
K, 410, 65.3056, 23.4373, 26.3524
K, 411, 65.3085, 39.566, 26.3509
K, 412, 65.4603, 33.7353, 26.3407
K, 413, 65.5089, 49.2816, 26.3393
K, 414, 65.5622, 26.3856, 26.3354
K, 415, 65.7142, 42.0715, 26.3261
K, 416, 65.8876, 29.2627, 26.3213
K, 417, 65.9251, 52.143, 26.3169
K, 418, 66.0024, 44.9012, 26.3174
K, 419, 66.1867, 21.8496, 26.3101
K, 420, 66.2556, 32.0902, 26.3091
K, 421, 66.305, 47.7411, 26.3091
K, 422, 66.3056, 40.5658, 26.3091
K, 423, 66.4246, 24.8307, 26.3087
K, 424, 66.6353, 38.9271, 26.3067
K, 425, 66.6728, 50.5989, 26.3062
K, 426, 66.6884, 37.0399, 26.3067
K, 427, 66.7185, 27.709, 26.3062
K, 428, 66.7772, 43.3309, 26.3067
K, 429, 66.8647, 35.0705, 26.3071
K, 430, 67.0719, 20.2406, 26.3087
K, 431, 67.0719, 53.5782, 26.3087
K, 432, 67.0731, 30.5375, 26.3087
K, 433, 67.0971, 46.1871, 26.3087
K, 434, 67.294, 23.2656, 26.312
K, 435, 67.4371, 49.0533, 26.315
K, 436, 67.4633, 41.7606, 26.3154
K, 437, 67.4919, 33.3278, 26.316
K, 438, 67.5732, 26.1667, 26.3178
K, 439, 67.7979, 51.9763, 26.3232
K, 440, 67.8697, 44.6263, 26.3257
K, 441, 67.8953, 29.0057, 26.3266
K, 442, 67.9084, 40.5801, 26.3325
K, 443, 67.9159, 39.9599, 26.3324
K, 444, 67.9169, 40.145, 26.3324
K, 445, 67.9346, 44.617, 26.3257
K, 446, 67.9454, 44.4645, 26.3257
K, 447, 67.9508, 44.7237, 26.3257
K, 448, 67.9599, 51.9628, 26.3233
K, 449, 67.9653, 32.3554, 26.3363
K, 450, 67.9667, 22.0343, 26.335
K, 451, 67.9711, 28.995, 26.3266
K, 452, 67.972, 21.4406, 26.3349
K, 453, 67.9755, 21.7017, 26.3349
K, 454, 67.9759, 51.5983, 26.324
K, 455, 67.9803, 31.8123, 26.3378
K, 456, 67.9815, 31.4871, 26.3377
K, 457, 67.9856, 52.2248, 26.3235
K, 458, 67.9913, 28.8312, 26.3267
K, 459, 67.9952, 29.1103, 26.3267
K, 460, 68.0002, 25.392, 26.3334
K, 461, 68.0059, 47.26, 26.3363
K, 462, 68.0076, 47.8981, 26.3363
K, 463, 68.0129, 26.1118, 26.3188
K, 464, 68.0213, 47.5201, 26.3364
K, 465, 68.0238, 24.1359, 26.3419
K, 466, 68.0247, 42.3969, 26.3338
K, 467, 68.0281, 33.2224, 26.319
K, 468, 68.0343, 36.3723, 26.3435
K, 469, 68.0344, 35.9066, 26.3434
K, 470, 68.039, 41.6597, 26.3197
K, 471, 68.0413, 26.6796, 26.326
K, 472, 68.0477, 33.8397, 26.3313
K, 473, 68.0523, 24.6572, 26.344
K, 474, 68.0557, 49.8262, 26.3407
K, 475, 68.0845, 23.1773, 26.3268
K, 476, 68.0862, 48.9854, 26.3226
K, 477, 68.0866, 43.1331, 26.3493
K, 478, 68.0887, 37.8174, 26.3502
K, 479, 68.0895, 40.0999, 26.3324
K, 480, 68.0913, 50.4622, 26.3475
K, 481, 68.0946, 38.3355, 26.3503
K, 482, 68.1157, 34.6322, 26.351
K, 483, 68.1326, 46.0464, 26.347
K, 484, 68.1403, 27.5307, 26.3536
K, 485, 68.1453, 53.4589, 26.3514
K, 486, 68.1566, 21.6867, 26.3348
K, 487, 68.1722, 30.387, 26.3467
K, 488, 68.1881, 20.1662, 26.3519
K, 489, 68.206, 47.4963, 26.3363
K, 490, 68.251, 31.7687, 26.3378
K, 491, 68.4189, 36.1815, 26.3436
K, 492, 68.4273, 24.6172, 26.3441
K, 493, 68.5309, 50.4198, 26.348
K, 494, 68.6052, 43.0548, 26.3509
K, 495, 68.6305, 38.1182, 26.3514
K, 496, 68.6898, 34.431, 26.3538
K, 497, 68.7485, 27.4545, 26.3567
K, 498, 68.8579, 53.3797, 26.3606
K, 499, 68.9592, 45.9341, 26.3646
K, 500, 69.0563, 20.1083, 26.3684
K, 501, 69.0943, 30.2608, 26.3699
K, 502, 69.2471, 23.0474, 26.3757
K, 503, 69.2715, 48.8613, 26.3772
K, 504, 69.288, 41.4409, 26.3772
K, 505, 69.4334, 32.9462, 26.383
K, 506, 69.5845, 25.9156, 26.3893
K, 507, 69.5893, 51.8271, 26.3893
K, 508, 69.6864, 44.3665, 26.3927
K, 509, 69.8181, 36.8705, 26.398
K, 510, 69.8469, 35.6174, 26.399
K, 511, 69.9403, 39.7571, 26.4024
K, 512, 69.9492, 28.7144, 26.4029
K, 513, 70.0003, 47.3002, 26.4049
K, 514, 70.0357, 21.4943, 26.4059
K, 515, 70.2571, 31.4589, 26.4136
K, 516, 70.2962, 50.2732, 26.415
K, 517, 70.3877, 42.7912, 26.4175
K, 518, 70.4002, 24.3589, 26.4185
K, 519, 70.6438, 19.9099, 26.4253
K, 520, 70.6438, 53.1813, 26.4253
K, 521, 70.7077, 45.7332, 26.4272
K, 522, 70.7303, 38.1015, 26.4277
K, 523, 70.7646, 27.1714, 26.4286
K, 524, 70.8615, 34.2913, 26.4311
K, 525, 71, 48.7181, 26.435
K, 526, 71.0843, 41.1928, 26.4365
K, 527, 71.1088, 22.7552, 26.4369
K, 528, 71.1492, 29.9559, 26.4379
K, 529, 71.2832, 51.6638, 26.4403
K, 530, 71.3953, 44.1621, 26.4423
K, 531, 71.4376, 32.6023, 26.4432
K, 532, 71.4637, 36.3341, 26.4432
K, 533, 71.5333, 25.6102, 26.4442
K, 534, 71.6771, 47.1499, 26.4466
K, 535, 71.7196, 21.2009, 26.4472
K, 536, 71.8194, 39.5896, 26.4472
K, 537, 71.9582, 50.1306, 26.4476
K, 538, 72.0432, 28.4379, 26.4491
K, 539, 72.0853, 42.5965, 26.4491
K, 540, 72.2002, 31.2185, 26.4496
K, 541, 72.2313, 19.7115, 26.4486
K, 542, 72.2313, 53.049, 26.45
K, 543, 72.3212, 23.9776, 26.4476
K, 544, 72.3459, 45.5802, 26.4486
K, 545, 72.4215, 33.5164, 26.4486
K, 546, 72.6208, 48.577, 26.4476
K, 547, 72.6305, 38.0022, 26.4466
K, 548, 72.6747, 26.8237, 26.4472
K, 549, 72.7207, 34.9617, 26.4462
K, 550, 72.8148, 41.0337, 26.4442
K, 551, 72.8875, 22.3948, 26.4428
K, 552, 72.8991, 51.5279, 26.4423
K, 553, 73.0069, 44.0078, 26.4393
K, 554, 73.0902, 32.4851, 26.4369
K, 555, 73.2073, 29.6791, 26.4326
K, 556, 73.2736, 47.0142, 26.4292
K, 557, 73.3715, 25.3096, 26.4238
K, 558, 73.3984, 20.9111, 26.4219
K, 559, 73.5674, 49.9935, 26.4136
K, 560, 73.6234, 39.4714, 26.4083
K, 561, 73.6448, 36.6458, 26.4059
K, 562, 73.7081, 42.4707, 26.4019
K, 563, 73.7279, 33.8259, 26.4019
K, 564, 73.8188, 19.513, 26.3917
K, 565, 73.8188, 52.9167, 26.3897
K, 566, 73.9197, 45.4474, 26.3816
K, 567, 73.9752, 31.1591, 26.3737
K, 568, 74.1588, 27.9876, 26.3587
K, 569, 74.1768, 26.4253, 26.3514
K, 570, 74.187, 35.1584, 26.3466
K, 571, 74.2121, 48.4401, 26.3466
K, 572, 74.3746, 23.5253, 26.3213
K, 573, 74.3789, 21.9875, 26.3247
K, 574, 74.4864, 51.3952, 26.3008
K, 575, 74.5136, 37.9245, 26.3004
K, 576, 74.547, 40.9291, 26.2887
K, 577, 74.5594, 43.8658, 26.2917
K, 578, 74.7007, 32.6203, 26.2615
K, 579, 74.8275, 46.8727, 26.2352
K, 580, 74.9615, 29.6913, 26.2085
K, 581, 75.0842, 25.2273, 26.1803
K, 582, 75.1282, 49.8507, 26.1716
K, 583, 75.2475, 34.2137, 26.1439
K, 584, 75.2552, 20.7391, 26.1414
K, 585, 75.4019, 42.3907, 26.107
K, 586, 75.4063, 19.3146, 26.1054
K, 587, 75.4063, 52.7844, 26.1054
K, 588, 75.4118, 39.3694, 26.1045
K, 589, 75.4206, 45.3083, 26.1021
K, 590, 75.4245, 36.0353, 26.1021
K, 591, 75.5758, 26.7579, 26.0647
K, 592, 75.6508, 31.2749, 26.0457
K, 593, 75.7377, 48.2844, 26.0248
K, 594, 75.7919, 22.3912, 26.0112
K, 595, 75.9648, 43.7394, 25.9679
K, 596, 76.0533, 51.247, 25.9456
K, 597, 76.0587, 28.3341, 25.9446
K, 598, 76.2335, 23.97, 25.9009
K, 599, 76.2535, 32.8526, 25.8956
K, 600, 76.3131, 37.719, 25.8804
K, 601, 76.3292, 40.8364, 25.877
K, 602, 76.3292, 46.719, 25.877
K, 603, 76.6731, 29.913, 25.7911
K, 604, 76.6791, 49.6599, 25.7905
K, 605, 76.7342, 25.5373, 25.7789
K, 606, 76.7568, 34.4774, 25.7741
K, 607, 76.8615, 19.7776, 25.7473
K, 608, 76.8908, 45.2084, 25.7482
K, 609, 76.9938, 52.6521, 25.7259
K, 610, 77.0613, 21.2881, 25.7138
K, 611, 77.1729, 39.2151, 25.6953
K, 612, 77.2276, 27.0651, 25.6875
K, 613, 77.2782, 48.0778, 25.6574
K, 614, 77.2788, 31.4767, 25.672
K, 615, 77.291, 36.1265, 25.6564
K, 616, 77.3349, 42.4286, 25.6603
K, 617, 77.448, 22.8372, 25.6544
K, 618, 77.4803, 43.9562, 25.6253
K, 619, 77.6454, 51.0428, 25.6326
K, 620, 77.7613, 28.6232, 25.618
K, 621, 77.8463, 33.0672, 25.6131
K, 622, 77.851, 46.5196, 25.6093
K, 623, 77.8883, 24.3755, 25.6054
K, 624, 77.9669, 37.5945, 25.6005
K, 625, 78.1404, 40.6259, 25.5874
K, 626, 78.2532, 49.4383, 25.5777
K, 627, 78.3167, 20.2406, 25.5787
K, 628, 78.3333, 30.1637, 25.5791
K, 629, 78.373, 25.8849, 25.5772
K, 630, 78.3762, 45.0167, 25.5587
K, 631, 78.3823, 34.6843, 25.5611
K, 632, 78.6356, 21.7566, 25.5417
K, 633, 78.7136, 52.3214, 25.5232
K, 634, 78.8064, 43.4245, 25.4916
K, 635, 78.8407, 47.8339, 25.5019
K, 636, 78.8695, 38.978, 25.4693
K, 637, 78.8795, 27.4128, 25.4736
K, 638, 78.9027, 36.2487, 25.4815
K, 639, 78.9119, 31.7161, 25.4776
K, 640, 79.0372, 23.2625, 25.4285
K, 641, 79.2498, 41.9307, 25.3736
K, 642, 79.3185, 50.7271, 25.3434
K, 643, 79.3601, 37.5638, 25.3318
K, 644, 79.3909, 46.2617, 25.3221
K, 645, 79.4124, 28.9287, 25.3114
K, 646, 79.4735, 33.3066, 25.2909
K, 647, 79.5041, 24.7612, 25.2802
K, 648, 79.7719, 20.7037, 25.1855
K, 649, 79.8838, 40.283, 25.1413
K, 650, 79.8975, 49.1259, 25.1417
K, 651, 79.9017, 44.6932, 25.1393
K, 652, 79.9855, 30.4548, 25.1067
K, 653, 79.9881, 34.9529, 25.1091
K, 654, 79.9971, 26.2548, 25.1004
K, 655, 80.1543, 22.1918, 25.0451
K, 656, 80.3872, 43.1316, 24.9663
K, 657, 80.4099, 36.5889, 24.958
K, 658, 80.4334, 51.9907, 24.9493
K, 659, 80.4428, 47.535, 24.9463
K, 660, 80.4547, 26.3569, 24.9472
K, 661, 80.4593, 30.5464, 24.948
K, 662, 80.4633, 40.1931, 24.9406
K, 663, 80.4652, 49.0131, 24.9483
K, 664, 80.4663, 44.579, 24.944
K, 665, 80.4665, 22.2689, 24.9417
K, 666, 80.4677, 35.0814, 24.9463
K, 667, 80.4707, 20.926, 24.9419
K, 668, 80.471, 24.9884, 24.941
K, 669, 80.4741, 29.1426, 24.9391
K, 670, 80.4747, 25.7779, 24.9358
K, 671, 80.4782, 21.8823, 24.9343
K, 672, 80.482, 29.9105, 24.9343
K, 673, 80.4838, 33.5076, 24.9363
K, 674, 80.4918, 50.4933, 24.9329
K, 675, 80.4935, 41.0626, 24.9296
K, 676, 80.495, 34.3578, 24.9317
K, 677, 80.4959, 43.1098, 24.9321
K, 678, 80.4969, 41.6662, 24.9314
K, 679, 80.4977, 43.2573, 24.9286
K, 680, 80.4984, 36.6231, 24.9299
K, 681, 80.4988, 36.4999, 24.9284
K, 682, 80.5006, 38.5026, 24.9248
K, 683, 80.5007, 49.8063, 24.9302
K, 684, 80.5033, 51.9773, 24.928
K, 685, 80.5035, 47.5222, 24.9277
K, 686, 80.5036, 47.604, 24.9261
K, 687, 80.5046, 38.7772, 24.9253
K, 688, 80.5064, 42.7703, 24.925
K, 689, 80.5067, 38.3738, 24.9254
K, 690, 80.5085, 23.6427, 24.9234
K, 691, 80.5087, 23.3155, 24.9233
K, 692, 80.5089, 37.4176, 24.9237
K, 693, 80.5097, 51.7813, 24.9231
K, 694, 80.5104, 46.041, 24.9293
K, 695, 80.5112, 23.779, 24.9236
K, 696, 80.5118, 47.3276, 24.923
K, 697, 80.5126, 45.412, 24.927
K, 698, 80.513, 27.7594, 24.922
K, 699, 80.5152, 31.8896, 24.9215
K, 700, 80.5153, 31.9986, 24.9214
K, 701, 80.5158, 32.0572, 24.9216
K, 702, 80.5583, 32.0062, 24.9065
K, 703, 80.6211, 23.6718, 24.8847
K, 704, 80.6339, 38.4637, 24.8803
K, 705, 80.8988, 41.5809, 24.7889
K, 706, 80.9702, 45.9504, 24.768
K, 707, 81.017, 50.3886, 24.7491
K, 708, 81.0725, 29.2632, 24.7292
K, 709, 81.1127, 33.6328, 24.7155
K, 710, 81.114, 25.1395, 24.7155
K, 711, 81.2271, 21.1667, 24.6781
K, 712, 81.4279, 40.0436, 24.6067
K, 713, 81.4796, 44.374, 24.5935
K, 714, 81.5546, 48.7966, 24.577
K, 715, 81.6104, 35.3876, 24.5585
K, 716, 81.6342, 26.6202, 24.5522
K, 717, 81.6425, 30.7752, 24.5518
K, 718, 81.7074, 22.5756, 24.5308
K, 719, 81.8993, 37.165, 24.4856
K, 720, 81.9689, 42.8141, 24.4691
K, 721, 82.0188, 38.706, 24.457
K, 722, 82.0741, 47.1921, 24.4458
K, 723, 82.1532, 51.6599, 24.4239
K, 724, 82.1829, 28.1161, 24.4161
K, 725, 82.2067, 24.0214, 24.4113
K, 726, 82.2147, 32.3351, 24.4123
K, 727, 82.4516, 41.2477, 24.3724
K, 728, 82.5862, 45.6074, 24.3495
K, 729, 82.7035, 50.0452, 24.3325
K, 730, 82.729, 25.4904, 24.3262
K, 731, 82.7405, 29.5908, 24.3252
K, 732, 82.7485, 21.4313, 24.3228
K, 733, 82.7923, 34.0293, 24.3194
K, 734, 82.905, 39.6799, 24.3005
K, 735, 83.0792, 44.0376, 24.2772
K, 736, 83.2191, 48.4162, 24.2485
K, 737, 83.2335, 38.0328, 24.2505
K, 738, 83.2567, 22.8781, 24.2378
K, 739, 83.2695, 26.9613, 24.2359
K, 740, 83.2852, 31.1003, 24.2329
K, 741, 83.4391, 36.0399, 24.213
K, 742, 83.5539, 42.46, 24.1892
K, 743, 83.7172, 46.8306, 24.1595
K, 744, 83.7825, 24.3407, 24.1498
K, 745, 83.8068, 28.4283, 24.145
K, 746, 83.8567, 32.6754, 24.1353
K, 747, 83.873, 51.3292, 24.1333
K, 748, 83.9922, 40.8573, 24.1119
K, 749, 84.2167, 45.2431, 24.074
K, 750, 84.2698, 21.6958, 24.0652
K, 751, 84.3255, 25.8044, 24.0555
K, 752, 84.3471, 29.9086, 24.0521
K, 753, 84.3696, 49.6807, 24.0482
K, 754, 84.3817, 39.2174, 24.0472
K, 755, 84.4827, 34.3276, 24.0302
K, 756, 84.6888, 43.6589, 23.9986
K, 757, 84.7603, 37.5157, 23.988
K, 758, 84.7976, 23.1674, 23.9836
K, 759, 84.8553, 48.0623, 23.9729
K, 760, 84.8654, 27.2596, 23.9739
K, 761, 84.888, 31.4157, 23.97
K, 762, 85.1363, 42.0692, 23.9364
K, 763, 85.2799, 35.894, 23.9194
K, 764, 85.3408, 24.6271, 23.9146
K, 765, 85.3517, 46.4623, 23.9127
K, 766, 85.4022, 28.7302, 23.9083
K, 767, 85.4509, 32.9771, 23.903
K, 768, 85.5266, 50.9323, 23.8957
K, 769, 85.568, 40.433, 23.8908
K, 770, 85.7912, 21.9604, 23.8694
K, 771, 85.8127, 44.87, 23.8698
K, 772, 85.904, 26.083, 23.8607
K, 773, 85.9239, 30.2182, 23.8592
K, 774, 85.9478, 38.8066, 23.8587
K, 775, 86.0098, 49.3021, 23.8538
K, 776, 86.0524, 34.5039, 23.8514
K, 777, 86.2962, 43.2657, 23.8383
K, 778, 86.3109, 37.2615, 23.8368
K, 779, 86.3341, 23.4265, 23.8364
K, 780, 86.4336, 27.5401, 23.8315
K, 781, 86.4408, 31.73, 23.8301
K, 782, 86.4928, 47.6922, 23.8281
K, 783, 86.6283, 35.822, 23.8242
K, 784, 86.8111, 41.6241, 23.8218
K, 785, 86.9011, 24.8861, 23.8218
K, 786, 86.9455, 46.089, 23.8198
K, 787, 86.948, 29.0174, 23.8208
K, 788, 86.9787, 33.2808, 23.8203
K, 789, 87.1582, 40.0271, 23.8194
K, 790, 87.1803, 50.5354, 23.8194
K, 791, 87.3126, 22.225, 23.8198
K, 792, 87.39, 44.4887, 23.8203
K, 793, 87.4428, 30.5145, 23.8203
K, 794, 87.4501, 26.333, 23.8208
K, 795, 87.5245, 34.8264, 23.8208
K, 796, 87.6201, 38.3865, 23.8212
K, 797, 87.6519, 48.9175, 23.8212
K, 798, 87.8859, 23.6795, 23.8257
K, 799, 87.9354, 32.0357, 23.8261
K, 800, 87.9538, 27.8064, 23.8261
K, 801, 87.9776, 42.8671, 23.8237
K, 802, 88.0751, 36.5848, 23.8252
K, 803, 88.0811, 47.3046, 23.8247
K, 804, 88.4203, 33.5865, 23.8261
K, 805, 88.4412, 29.2928, 23.8242
K, 806, 88.4537, 25.1226, 23.8237
K, 807, 88.4965, 45.7036, 23.8276
K, 808, 88.6396, 39.4855, 23.8228
K, 809, 88.7447, 41.0642, 23.8198
K, 810, 88.8339, 50.1386, 23.8218
K, 811, 88.9001, 22.4896, 23.8194
K, 812, 88.9127, 30.792, 23.8179
K, 813, 88.9491, 26.5924, 23.8179
K, 814, 88.9848, 44.1373, 23.8188
K, 815, 88.9881, 35.0308, 23.8159
K, 816, 89.2669, 48.5239, 23.8121
K, 817, 89.3605, 32.3204, 23.8111
K, 818, 89.4325, 28.0713, 23.8101
K, 819, 89.448, 23.9286, 23.8101
K, 820, 89.589, 38.1537, 23.8082
K, 821, 89.6332, 46.9015, 23.8086
K, 822, 89.6959, 42.6025, 23.8082
K, 823, 89.7833, 33.8429, 23.8067
K, 824, 89.8752, 36.2584, 23.8067
K, 825, 89.9046, 29.5617, 23.8082
K, 826, 89.9475, 25.3817, 23.8091
K, 827, 90.0124, 45.3316, 23.8101
K, 828, 90.2131, 39.6778, 23.8115
K, 829, 90.2363, 35.0287, 23.8155
K, 830, 90.3457, 31.0723, 23.8203
K, 831, 90.4183, 26.8559, 23.8232
K, 832, 90.4343, 43.8211, 23.8184
K, 833, 90.4876, 22.7542, 23.8266
K, 834, 90.4876, 49.7417, 23.8212
K, 835, 90.7654, 32.5933, 23.8446
K, 836, 90.8043, 48.086, 23.8407
K, 837, 90.8371, 41.1375, 23.8528
K, 838, 90.8895, 28.334, 23.8528
K, 839, 90.9309, 24.192, 23.8558
K, 840, 91.0557, 37.0757, 23.8752
K, 841, 91.1305, 46.4723, 23.8815
K, 842, 91.2098, 34.1275, 23.8888
K, 843, 91.307, 35.677, 23.902
K, 844, 91.3225, 29.8404, 23.9039
K, 845, 91.395, 25.6537, 23.9146
K, 846, 91.4306, 42.5636, 23.9204
K, 847, 91.4709, 44.9592, 23.9263
K, 848, 91.5878, 38.3717, 23.9423
K, 849, 91.7719, 31.3673, 23.968
K, 850, 91.8311, 43.7447, 23.9773
K, 851, 91.8614, 27.1177, 23.9812
K, 852, 91.8987, 23.0188, 23.986
K, 853, 92.0089, 49.2125, 24.0026
K, 854, 92.1247, 39.6816, 24.0205
K, 855, 92.2114, 32.9549, 24.0298
K, 856, 92.2986, 28.6142, 24.0429
K, 857, 92.3138, 47.5858, 24.0472
K, 858, 92.3608, 24.4652, 24.0526
K, 859, 92.5562, 34.6588, 24.0759
K, 860, 92.6036, 45.9906, 24.0885
K, 861, 92.7603, 30.1366, 24.1031
K, 862, 92.8267, 25.9236, 24.1109
K, 863, 92.8476, 44.4325, 24.11
K, 864, 92.8747, 36.8226, 24.1114
K, 865, 92.9297, 41.1934, 24.1163
K, 866, 92.9721, 42.9471, 24.1197
K, 867, 93.2035, 31.7001, 24.143
K, 868, 93.288, 27.4083, 24.1488
K, 869, 93.297, 38.1617, 24.1523
K, 870, 93.3098, 23.2833, 24.1508
K, 871, 93.5303, 48.6834, 24.1678
K, 872, 93.6189, 33.3263, 24.1731
K, 873, 93.7505, 28.9032, 24.1809
K, 874, 93.7862, 24.7345, 24.1843
K, 875, 93.8054, 47.0703, 24.1848
K, 876, 94.0336, 39.3972, 24.1999
K, 877, 94.0381, 45.4675, 24.1989
K, 878, 94.066, 35.0279, 24.2009
K, 879, 94.2054, 30.432, 24.2082
K, 880, 94.2379, 43.8806, 24.212
K, 881, 94.2688, 26.2101, 24.213
K, 882, 94.4135, 36.6505, 24.2193
K, 883, 94.4904, 42.3161, 24.2237
K, 884, 94.6344, 32.0053, 24.2305
K, 885, 94.7209, 23.5479, 24.2325
K, 886, 94.7273, 37.9664, 24.2343
K, 887, 94.7461, 27.6986, 24.2334
K, 888, 95.0418, 33.6107, 24.2446
K, 889, 95.0516, 48.1542, 24.246
K, 890, 95.218, 29.2138, 24.2519
K, 891, 95.2581, 25.0301, 24.2538
K, 892, 95.2769, 46.5232, 24.2543
K, 893, 95.3273, 40.6104, 24.2568
K, 894, 95.4549, 35.159, 24.2626
K, 895, 95.457, 44.908, 24.2631
K, 896, 95.6529, 30.7457, 24.2732
K, 897, 95.6588, 43.3594, 24.2748
K, 898, 95.7681, 26.5213, 24.2801
K, 899, 95.8242, 38.6995, 24.2835
K, 900, 95.891, 42.0281, 24.2878
K, 901, 96.0486, 32.3155, 24.2991
K, 902, 96.0613, 36.7655, 24.3009
K, 903, 96.2495, 28.0168, 24.3155
K, 904, 96.3084, 23.8787, 24.3209
K, 905, 96.4095, 33.8517, 24.3306
K, 906, 96.573, 47.625, 24.3534
K, 907, 96.6465, 38.2316, 24.4087
K, 908, 96.6499, 36.4855, 24.405
K, 909, 96.6934, 29.5455, 24.371
K, 910, 96.694, 35.1812, 24.3734
K, 911, 96.7066, 37.1698, 24.4072
K, 912, 96.7072, 26.7334, 24.4084
K, 913, 96.7149, 28.1289, 24.4025
K, 914, 96.717, 32.4903, 24.4052
K, 915, 96.7186, 45.9217, 24.3695
K, 916, 96.7192, 23.9643, 24.4021
K, 917, 96.728, 39.8141, 24.4146
K, 918, 96.7778, 33.9722, 24.4033
K, 919, 96.7784, 39.253, 24.4107
K, 920, 96.7939, 27.4269, 24.4055
K, 921, 96.8, 31.0231, 24.4103
K, 922, 96.8044, 41.1109, 24.4115
K, 923, 96.8111, 47.506, 24.4053
K, 924, 96.8147, 33.3914, 24.4051
K, 925, 96.8219, 25.3749, 24.3933
K, 926, 96.8244, 41.375, 24.4077
K, 927, 96.8257, 31.4066, 24.4079
K, 928, 96.8472, 29.5838, 24.4063
K, 929, 96.8524, 35.29, 24.4071
K, 930, 96.8545, 35.0452, 24.4071
K, 931, 96.8575, 42.8012, 24.4107
K, 932, 96.8594, 42.6446, 24.4092
K, 933, 96.8631, 29.36, 24.4071
K, 934, 96.8759, 44.289, 24.3987
K, 935, 96.8763, 45.847, 24.4065
K, 936, 96.8798, 46.0418, 24.4066
K, 937, 96.8846, 25.3884, 24.4084
K, 938, 96.8903, 25.3007, 24.4087
K, 939, 96.8967, 30.3333, 24.4088
K, 940, 96.9011, 25.6179, 24.4091
K, 941, 96.9257, 44.2657, 24.4109
K, 942, 96.9266, 44.3264, 24.4109
K, 943, 96.9307, 43.6067, 24.4111
K, 944, 97.0007, 42.7345, 24.4269
K, 945, 97.0722, 41.2016, 24.4395
K, 946, 97.093, 31.0939, 24.4453
K, 947, 97.2419, 39.5219, 24.4725
K, 948, 97.3086, 26.8692, 24.4905
K, 949, 97.4413, 32.6797, 24.5202
K, 950, 97.566, 37.7083, 24.5488
K, 951, 97.7465, 34.2893, 24.5945
K, 952, 97.7595, 28.3804, 24.5979
K, 953, 97.7976, 35.9394, 24.6081
K, 954, 97.8959, 24.2094, 24.6348
K, 955, 98.0282, 46.8974, 24.6708
K, 956, 98.163, 45.2369, 24.7082
K, 957, 98.1698, 29.913, 24.7097
K, 958, 98.3178, 43.6131, 24.751
K, 959, 98.3893, 25.7112, 24.7705
K, 960, 98.5002, 42.0051, 24.8011
K, 961, 98.5249, 31.4844, 24.8078
K, 962, 98.7308, 40.3423, 24.8643
K, 963, 98.817, 33.0955, 24.8847
K, 964, 98.8456, 27.222, 24.891
K, 965, 99.0406, 38.5498, 24.9449
K, 966, 99.056, 34.7202, 24.9463
K, 967, 99.2604, 28.7505, 24.9955
K, 968, 99.4169, 36.5151, 25.0348
K, 969, 99.4834, 24.5401, 25.0499
K, 970, 99.4834, 46.1698, 25.0533
K, 971, 99.6232, 44.5269, 25.0839
K, 972, 99.6317, 30.3101, 25.0844
K, 973, 99.8284, 42.8905, 25.1257
K, 974, 99.9407, 26.0567, 25.1505
K, 975, 99.9412, 31.9082, 25.1505
K, 976, 100.109, 41.238, 25.184
K, 977, 100.178, 33.5249, 25.1991
K, 978, 100.335, 34.9841, 25.2302
K, 979, 100.352, 27.5849, 25.2351
K, 980, 100.446, 39.5158, 25.2559
K, 981, 100.732, 29.1348, 25.3133
K, 982, 100.842, 37.6956, 25.3347
K, 983, 100.939, 45.4422, 25.3556
K, 984, 101.071, 24.8708, 25.3799
K, 985, 101.071, 30.7256, 25.3813
K, 986, 101.114, 43.7892, 25.3906
K, 987, 101.304, 35.96, 25.4246
K, 988, 101.348, 32.364, 25.4353
K, 989, 101.443, 26.4156, 25.4562
K, 990, 101.471, 42.1627, 25.461
K, 991, 101.548, 34.0982, 25.4771
K, 992, 101.82, 27.9555, 25.5349
K, 993, 101.843, 40.481, 25.5402
K, 994, 102.178, 29.528, 25.6113
K, 995, 102.211, 38.7344, 25.6185
K, 996, 102.394, 44.7146, 25.6564
K, 997, 102.505, 31.1474, 25.6802
K, 998, 102.526, 25.2677, 25.6842
K, 999, 102.658, 36.8773, 25.7128
K, 1000, 102.788, 32.7991, 25.7419
K, 1001, 102.821, 43.1083, 25.7482
K, 1002, 102.901, 26.7953, 25.7658
K, 1003, 103.11, 34.7883, 25.8138
K, 1004, 103.244, 41.4622, 25.8426
K, 1005, 103.266, 28.339, 25.8454
K, 1006, 103.626, 29.9318, 25.9272
K, 1007, 103.682, 39.7412, 25.9398
K, 1008, 103.977, 31.5697, 26.0039
K, 1009, 103.981, 25.6646, 26.0034
K, 1010, 104.118, 37.9071, 26.0335
K, 1011, 104.18, 44.1854, 26.0447
K, 1012, 104.327, 33.2115, 26.0763
K, 1013, 104.352, 27.1896, 26.0793
K, 1014, 104.473, 36.1131, 26.1054
K, 1015, 104.623, 42.5134, 26.1327
K, 1016, 104.732, 28.7608, 26.1502
K, 1017, 104.794, 34.6209, 26.1619
K, 1018, 105.097, 40.8068, 26.2066
K, 1019, 105.111, 30.3574, 26.2129
K, 1020, 105.437, 26.0615, 26.2508
K, 1021, 105.502, 31.9974, 26.2601
K, 1022, 105.614, 39.0584, 26.2658
K, 1023, 105.824, 27.601, 26.2834
K, 1024, 105.904, 33.6484, 26.2892
K, 1025, 105.966, 43.6563, 26.2941
K, 1026, 106.167, 37.2539, 26.3062
K, 1027, 106.18, 35.3769, 26.3052
K, 1028, 106.239, 29.1924, 26.3091
K, 1029, 106.452, 41.9318, 26.3188
K, 1030, 106.657, 30.8087, 26.3266
K, 1031, 106.892, 26.4584, 26.3334
K, 1032, 107.002, 40.2159, 26.3368
K, 1033, 107.089, 32.4688, 26.3378
K, 1034, 107.362, 28.04, 26.3436
K, 1035, 107.534, 34.2148, 26.349
K, 1036, 107.634, 38.4521, 26.3557
K, 1037, 107.752, 43.1271, 26.3573
K, 1038, 107.81, 29.6496, 26.3587
K, 1039, 108.1, 36.3026, 26.367
K, 1040, 108.263, 31.2785, 26.3727
K, 1041, 108.288, 41.3838, 26.3743
K, 1042, 108.545, 26.9214, 26.3854
K, 1043, 108.735, 32.9464, 26.3937
K, 1044, 108.934, 39.731, 26.4049
K, 1045, 108.988, 28.5262, 26.4073
K, 1046, 109.263, 34.6297, 26.4253
K, 1047, 109.436, 30.1128, 26.4345
K, 1048, 109.538, 42.5979, 26.4462
K, 1049, 109.546, 37.9516, 26.4438
K, 1050, 109.907, 31.7393, 26.4788
K, 1051, 110.181, 41.0507, 26.5181
K, 1052, 110.199, 27.3844, 26.5185
K, 1053, 110.28, 36.1998, 26.5264
K, 1054, 110.373, 33.3669, 26.5424
K, 1055, 110.64, 28.9828, 26.5798
K, 1056, 110.763, 34.7631, 26.5993
K, 1057, 110.83, 39.3796, 26.6109
K, 1058, 111.107, 30.5603, 26.6473
K, 1059, 111.39, 42.4216, 26.6882
K, 1060, 111.496, 37.6449, 26.7072
K, 1061, 111.593, 32.2196, 26.7135
K, 1062, 111.853, 27.8474, 26.7461
K, 1063, 111.99, 33.9159, 26.7631
K, 1064, 112.06, 40.7887, 26.7631
K, 1065, 112.23, 35.7908, 26.7786
K, 1066, 112.269, 29.4007, 26.7752
K, 1067, 112.704, 39.1035, 26.7898
K, 1068, 112.944, 30.9726, 26.7805
K, 1069, 113.242, 42.2452, 26.7728
K, 1070, 113.329, 32.8446, 26.7664
K, 1071, 113.351, 37.4346, 26.7684
K, 1072, 113.506, 28.3104, 26.7562
K, 1073, 113.543, 29.6484, 26.7558
K, 1074, 113.672, 34.526, 26.7461
K, 1075, 113.896, 40.5418, 26.7329
K, 1076, 113.987, 36.0726, 26.7212
K, 1077, 114.518, 38.8318, 26.6838
K, 1078, 114.549, 30.4308, 26.6809
K, 1079, 114.664, 31.872, 26.6688
K, 1080, 114.741, 29.016, 26.6683
K, 1081, 115.093, 37.1933, 26.6454
K, 1082, 115.094, 42.0688, 26.641
K, 1083, 115.129, 33.5769, 26.6391
K, 1084, 115.588, 35.4181, 26.6153
K, 1085, 115.674, 40.2334, 26.6114
K, 1086, 115.976, 29.7215, 26.593
K, 1087, 116.093, 31.1245, 26.5696
K, 1088, 116.262, 38.5275, 26.5565
K, 1089, 116.523, 32.6072, 26.5152
K, 1090, 116.821, 36.9174, 26.4772
K, 1091, 116.858, 41.5396, 26.4681
K, 1092, 117.046, 34.2274, 26.435
K, 1093, 117.21, 30.4271, 26.4243
K, 1094, 117.412, 35.6279, 26.4039
K, 1095, 117.441, 39.8329, 26.4005
K, 1096, 117.683, 31.6629, 26.3946
K, 1097, 118.046, 38.2198, 26.3956
K, 1098, 118.523, 33.1795, 26.3864
K, 1099, 118.549, 36.6294, 26.3937
K, 1100, 118.622, 41.0104, 26.3927
K, 1101, 118.71, 30.7799, 26.3907
K, 1102, 118.73, 34.9871, 26.3889
K, 1103, 119.062, 31.8614, 26.3903
K, 1104, 119.215, 39.4136, 26.399
K, 1105, 119.805, 37.8989, 26.4282
K, 1106, 120.209, 31.1327, 26.5001
K, 1107, 120.211, 32.5242, 26.5031
K, 1108, 120.271, 34.1357, 26.5122
K, 1109, 120.385, 40.4813, 26.5258
K, 1110, 120.481, 36.1255, 26.5473
K, 1111, 120.915, 39.1584, 26.5662
K, 1112, 121.444, 37.8354, 26.5813
K, 1113, 121.708, 31.4854, 26.5803
K, 1114, 121.797, 33.1611, 26.5793
K, 1115, 121.885, 34.8368, 26.5793
K, 1116, 121.973, 36.5125, 26.5808
A, 424, 407, 426, 
A, 424, 411, 407, 
A, 321, 313, 298, 
A, 321, 333, 313, 
A, 264, 282, 268, 
A, 264, 279, 282, 
A, 269, 292, 279, 
A, 269, 277, 292, 
A, 299, 309, 286, 
A, 299, 322, 309, 
A, 226, 275, 255, 221, 
A, 229, 271, 275, 226, 
A, 305, 321, 298, 
A, 305, 318, 321, 
A, 288, 283, 267, 
A, 288, 305, 283, 
A, 429, 468, 426, 
A, 469, 468, 429, 
A, 426, 407, 401, 
A, 407, 386, 401, 
A, 386, 367, 375, 
A, 367, 348, 349, 
A, 468, 478, 426, 
A, 328, 349, 348, 
A, 349, 375, 367, 
A, 375, 401, 386, 
A, 401, 429, 426, 
A, 482, 469, 429, 
A, 393, 386, 407, 
A, 376, 367, 386, 
A, 355, 348, 367, 
A, 337, 328, 348, 
A, 314, 300, 328, 
A, 291, 282, 300, 
A, 478, 424, 426, 
A, 478, 481, 424, 
A, 279, 300, 282, 
A, 300, 316, 328, 
A, 316, 349, 328, 
A, 358, 375, 349, 
A, 385, 401, 375, 
A, 412, 429, 401, 
A, 437, 482, 429, 
A, 437, 472, 482, 
A, 411, 393, 407, 
A, 393, 376, 386, 
A, 376, 355, 367, 
A, 355, 337, 348, 
A, 337, 314, 328, 
A, 314, 291, 300, 
A, 291, 268, 282, 
A, 481, 443, 424, 
A, 251, 264, 268, 258, 
A, 279, 292, 300, 
A, 292, 316, 300, 
A, 316, 331, 349, 
A, 331, 358, 349, 
A, 358, 385, 375, 
A, 385, 412, 401, 
A, 412, 437, 429, 
A, 467, 472, 437, 
A, 258, 268, 242, 
A, 422, 411, 424, 
A, 400, 393, 411, 
A, 381, 376, 393, 
A, 364, 355, 376, 
A, 343, 337, 355, 
A, 323, 314, 337, 
A, 301, 291, 314, 
A, 291, 276, 268, 
A, 443, 422, 424, 
A, 443, 444, 422, 
A, 248, 264, 251, 
A, 269, 279, 264, 
A, 292, 306, 316, 
A, 306, 331, 316, 
A, 347, 358, 331, 
A, 370, 385, 358, 
A, 397, 412, 385, 
A, 420, 437, 412, 
A, 449, 467, 437, 
A, 242, 268, 276, 239, 
A, 422, 400, 411, 
A, 400, 381, 393, 
A, 381, 364, 376, 
A, 364, 343, 355, 
A, 343, 323, 337, 
A, 323, 301, 314, 
A, 301, 276, 291, 
A, 444, 436, 422, 
A, 444, 442, 436, 
A, 442, 470, 436, 
A, 254, 269, 264, 248, 
A, 277, 306, 292, 
A, 306, 320, 331, 
A, 320, 347, 331, 
A, 347, 370, 358, 
A, 370, 397, 385, 
A, 397, 420, 412, 
A, 455, 437, 420, 
A, 455, 449, 437, 
A, 239, 276, 263, 236, 
A, 415, 400, 422, 
A, 394, 381, 400, 
A, 372, 364, 381, 
A, 353, 343, 364, 
A, 330, 323, 343, 
A, 310, 301, 323, 
A, 301, 287, 276, 
A, 436, 415, 422, 
A, 470, 466, 436, 
A, 217, 269, 254, 
A, 216, 277, 269, 217, 
A, 277, 293, 306, 
A, 293, 320, 306, 
A, 334, 347, 320, 
A, 357, 370, 347, 
A, 380, 397, 370, 
A, 405, 420, 397, 
A, 432, 455, 420, 
A, 456, 455, 432, 
A, 236, 263, 247, 
A, 287, 263, 276, 
A, 415, 394, 400, 
A, 394, 372, 381, 
A, 372, 353, 364, 
A, 353, 330, 343, 
A, 330, 310, 323, 
A, 310, 287, 301, 
A, 428, 415, 436, 
A, 436, 477, 428, 
A, 466, 477, 436, 
A, 218, 265, 277, 216, 
A, 265, 293, 277, 
A, 293, 309, 320, 
A, 309, 334, 320, 
A, 334, 357, 347, 
A, 357, 380, 370, 
A, 380, 405, 397, 
A, 405, 432, 420, 
A, 487, 456, 432, 
A, 247, 263, 243, 
A, 287, 273, 263, 
A, 404, 394, 415, 
A, 383, 372, 394, 
A, 362, 353, 372, 
A, 340, 330, 353, 
A, 319, 310, 330, 
A, 310, 297, 287, 
A, 428, 404, 415, 
A, 477, 440, 428, 
A, 446, 440, 477, 
A, 250, 265, 218, 
A, 272, 293, 265, 
A, 286, 309, 293, 
A, 322, 334, 309, 
A, 346, 357, 334, 
A, 369, 380, 357, 
A, 392, 405, 380, 
A, 416, 432, 405, 
A, 441, 487, 432, 
A, 441, 459, 487, 
A, 243, 263, 273, 249, 
A, 297, 273, 287, 
A, 404, 383, 394, 
A, 383, 362, 372, 
A, 362, 340, 353, 
A, 340, 319, 330, 
A, 319, 297, 310, 
A, 418, 404, 428, 
A, 440, 418, 428, 
A, 446, 445, 440, 
A, 241, 265, 250, 
A, 244, 272, 265, 241, 
A, 272, 286, 293, 
A, 322, 346, 334, 
A, 346, 369, 357, 
A, 369, 392, 380, 
A, 392, 416, 405, 
A, 416, 441, 432, 
A, 451, 459, 441, 
A, 249, 273, 260, 235, 
A, 297, 285, 273, 
A, 395, 383, 404, 
A, 371, 362, 383, 
A, 351, 340, 362, 
A, 329, 319, 340, 
A, 319, 307, 297, 
A, 418, 395, 404, 
A, 440, 433, 418, 
A, 445, 447, 440, 
A, 222, 255, 272, 244, 
A, 255, 286, 272, 
A, 336, 346, 322, 
A, 356, 369, 346, 
A, 378, 392, 369, 
A, 402, 416, 392, 
A, 427, 441, 416, 
A, 458, 451, 441, 
A, 235, 260, 238, 
A, 285, 260, 273, 
A, 307, 285, 297, 
A, 395, 371, 383, 
A, 371, 351, 362, 
A, 351, 329, 340, 
A, 329, 307, 319, 
A, 408, 395, 418, 
A, 433, 408, 418, 
A, 440, 483, 433, 
A, 440, 447, 483, 
A, 224, 255, 222, 
A, 255, 275, 286, 
A, 275, 299, 286, 
A, 299, 312, 322, 
A, 312, 336, 322, 
A, 336, 356, 346, 
A, 356, 378, 369, 
A, 378, 402, 392, 
A, 402, 427, 416, 
A, 484, 441, 427, 
A, 458, 441, 484, 
A, 238, 260, 240, 
A, 285, 270, 260, 
A, 307, 294, 285, 
A, 384, 371, 395, 
A, 361, 351, 371, 
A, 338, 329, 351, 
A, 329, 315, 307, 
A, 408, 384, 395, 
A, 433, 421, 408, 
A, 483, 461, 433, 
A, 225, 255, 224, 
A, 275, 290, 299, 
A, 290, 312, 299, 
A, 325, 336, 312, 
A, 345, 356, 336, 
A, 368, 378, 356, 
A, 390, 402, 378, 
A, 414, 427, 402, 
A, 438, 484, 427, 
A, 438, 471, 484, 
A, 240, 260, 270, 256, 
A, 294, 270, 285, 
A, 315, 294, 307, 
A, 384, 361, 371, 
A, 361, 338, 351, 
A, 338, 315, 329, 
A, 398, 384, 408, 
A, 421, 398, 408, 
A, 433, 464, 421, 
A, 461, 464, 433, 
A, 221, 255, 225, 
A, 271, 290, 275, 
A, 290, 303, 312, 
A, 303, 325, 312, 
A, 325, 345, 336, 
A, 345, 368, 356, 
A, 368, 390, 378, 
A, 390, 414, 402, 
A, 414, 438, 427, 
A, 463, 471, 438, 
A, 256, 270, 231, 
A, 294, 281, 270, 
A, 315, 302, 294, 
A, 373, 361, 384, 
A, 350, 338, 361, 
A, 338, 327, 315, 
A, 398, 373, 384, 
A, 421, 413, 398, 
A, 464, 435, 421, 
A, 464, 462, 435, 
A, 233, 271, 229, 
A, 271, 278, 290, 
A, 278, 303, 290, 
A, 313, 325, 303, 
A, 333, 345, 325, 
A, 354, 368, 345, 
A, 377, 390, 368, 
A, 399, 414, 390, 
A, 423, 438, 414, 
A, 460, 463, 438, 
A, 231, 270, 281, 227, 
A, 302, 281, 294, 
A, 327, 302, 315, 
A, 373, 350, 361, 
A, 350, 327, 338, 
A, 388, 373, 398, 
A, 413, 388, 398, 
A, 435, 413, 421, 
A, 462, 476, 435, 
A, 232, 278, 271, 233, 
A, 278, 295, 303, 
A, 295, 313, 303, 
A, 313, 333, 325, 
A, 333, 354, 345, 
A, 354, 377, 368, 
A, 377, 399, 390, 
A, 399, 423, 414, 
A, 473, 438, 423, 
A, 473, 460, 438, 
A, 227, 281, 266, 230, 
A, 302, 289, 281, 
A, 327, 311, 302, 
A, 360, 350, 373, 
A, 350, 332, 327, 
A, 388, 360, 373, 
A, 413, 403, 388, 
A, 435, 425, 413, 
A, 476, 474, 435, 
A, 228, 259, 278, 232, 
A, 280, 295, 278, 
A, 295, 298, 313, 
A, 342, 354, 333, 
A, 365, 377, 354, 
A, 387, 399, 377, 
A, 410, 423, 399, 
A, 434, 473, 423, 
A, 465, 473, 434, 
A, 230, 266, 253, 
A, 289, 266, 281, 
A, 311, 289, 302, 
A, 332, 311, 327, 
A, 360, 332, 350, 
A, 379, 360, 388, 
A, 403, 379, 388, 
A, 425, 403, 413, 
A, 435, 480, 425, 
A, 474, 480, 435, 
A, 234, 259, 228, 
A, 259, 280, 278, 
A, 280, 298, 295, 
A, 321, 342, 333, 
A, 342, 365, 354, 
A, 365, 387, 377, 
A, 387, 410, 399, 
A, 410, 434, 423, 
A, 475, 465, 434, 
A, 253, 266, 220, 
A, 289, 274, 266, 
A, 311, 296, 289, 
A, 332, 317, 311, 
A, 360, 339, 332, 
A, 379, 363, 360, 
A, 403, 391, 379, 
A, 425, 417, 403, 
A, 480, 439, 425, 
A, 454, 439, 480, 
A, 237, 259, 234, 
A, 261, 280, 259, 
A, 283, 298, 280, 
A, 335, 342, 321, 
A, 352, 365, 342, 
A, 374, 387, 365, 
A, 396, 410, 387, 
A, 419, 434, 410, 
A, 450, 475, 434, 
A, 220, 266, 274, 219, 
A, 296, 274, 289, 
A, 317, 296, 311, 
A, 339, 317, 332, 
A, 363, 339, 360, 
A, 391, 363, 379, 
A, 417, 391, 403, 
A, 439, 417, 425, 
A, 454, 448, 439, 
A, 246, 261, 259, 237, 
A, 261, 283, 280, 
A, 283, 305, 298, 
A, 318, 335, 321, 
A, 335, 352, 342, 
A, 352, 374, 365, 
A, 374, 396, 387, 
A, 396, 419, 410, 
A, 453, 434, 419, 
A, 453, 450, 434, 
A, 219, 274, 262, 223, 
A, 296, 284, 274, 
A, 317, 304, 296, 
A, 339, 324, 317, 
A, 363, 344, 339, 
A, 391, 366, 363, 
A, 417, 409, 391, 
A, 439, 431, 417, 
A, 448, 457, 439, 
A, 245, 261, 246, 
A, 261, 267, 283, 
A, 308, 318, 305, 
A, 326, 335, 318, 
A, 341, 352, 335, 
A, 359, 374, 352, 
A, 382, 396, 374, 
A, 406, 419, 396, 
A, 430, 453, 419, 
A, 452, 453, 430, 
A, 223, 262, 252, 
A, 284, 262, 274, 
A, 304, 284, 296, 
A, 324, 304, 317, 
A, 344, 324, 339, 
A, 366, 344, 363, 
A, 389, 366, 391, 
A, 409, 389, 391, 
A, 431, 409, 417, 
A, 439, 485, 431, 
A, 439, 457, 485, 
A, 257, 267, 261, 245, 
A, 288, 308, 305, 
A, 308, 326, 318, 
A, 326, 341, 335, 
A, 341, 359, 352, 
A, 359, 382, 374, 
A, 382, 406, 396, 
A, 406, 430, 419, 
A, 488, 452, 430, 
A, 1107, 1098, 1103, 
A, 1107, 1108, 1098, 
A, 624, 638, 643, 
A, 624, 615, 638, 
A, 524, 549, 532, 
A, 524, 545, 549, 
A, 692, 689, 643, 657, 
A, 689, 682, 636, 643, 
A, 1039, 1035, 1046, 
A, 1039, 1027, 1035, 
A, 557, 548, 533, 
A, 557, 569, 548, 
A, 1099, 1090, 1094, 
A, 1099, 1097, 1090, 
A, 1107, 1113, 1114, 
A, 1107, 1106, 1113, 
A, 680, 692, 657, 
A, 968, 978, 987, 
A, 968, 966, 978, 
A, 1027, 1017, 1024, 
A, 1027, 1014, 1017, 
A, 1102, 1092, 1098, 
A, 1102, 1094, 1092, 
A, 491, 510, 509, 
A, 510, 532, 509, 
A, 532, 549, 561, 
A, 549, 570, 561, 
A, 570, 590, 561, 
A, 509, 495, 491, 
A, 532, 522, 509, 
A, 561, 547, 532, 
A, 590, 575, 561, 
A, 615, 600, 590, 
A, 469, 491, 468, 
A, 496, 510, 491, 
A, 524, 532, 510, 
A, 563, 570, 549, 
A, 583, 590, 570, 
A, 606, 615, 590, 
A, 631, 638, 615, 
A, 653, 657, 638, 
A, 478, 491, 495, 
A, 468, 491, 478, 
A, 522, 495, 509, 
A, 547, 522, 532, 
A, 575, 547, 561, 
A, 600, 575, 590, 
A, 624, 600, 615, 
A, 657, 643, 638, 
A, 681, 680, 657, 
A, 491, 482, 496, 
A, 491, 469, 482, 
A, 496, 524, 510, 
A, 545, 563, 549, 
A, 563, 583, 570, 
A, 583, 606, 590, 
A, 606, 631, 615, 
A, 631, 653, 638, 
A, 666, 681, 657, 653, 
A, 478, 495, 481, 
A, 522, 511, 495, 
A, 547, 536, 522, 
A, 575, 560, 547, 
A, 600, 588, 575, 
A, 636, 624, 643, 
A, 624, 611, 600, 
A, 472, 496, 482, 
A, 505, 524, 496, 
A, 531, 545, 524, 
A, 554, 563, 545, 
A, 578, 583, 563, 
A, 599, 606, 583, 
A, 621, 631, 606, 
A, 646, 653, 631, 
A, 676, 666, 653, 
A, 479, 481, 495, 
A, 479, 443, 481, 
A, 511, 479, 495, 
A, 536, 511, 522, 
A, 560, 536, 547, 
A, 588, 560, 575, 
A, 611, 588, 600, 
A, 636, 611, 624, 
A, 496, 467, 505, 
A, 472, 467, 496, 
A, 505, 531, 524, 
A, 531, 554, 545, 
A, 554, 578, 563, 
A, 578, 599, 583, 
A, 599, 621, 606, 
A, 621, 646, 631, 
A, 673, 676, 653, 646, 
A, 443, 479, 444, 
A, 511, 504, 479, 
A, 536, 526, 511, 
A, 560, 550, 536, 
A, 588, 576, 560, 
A, 611, 601, 588, 
A, 636, 625, 611, 
A, 682, 687, 649, 636, 
A, 467, 490, 505, 
A, 449, 490, 467, 
A, 515, 531, 505, 
A, 540, 554, 531, 
A, 567, 578, 554, 
A, 592, 599, 578, 
A, 614, 621, 599, 
A, 639, 646, 621, 
A, 701, 673, 646, 
A, 444, 479, 442, 
A, 470, 479, 504, 
A, 442, 479, 470, 
A, 526, 504, 511, 
A, 550, 526, 536, 
A, 576, 550, 560, 
A, 601, 576, 588, 
A, 625, 601, 611, 
A, 649, 625, 636, 
A, 687, 662, 649, 
A, 455, 490, 449, 
A, 490, 515, 505, 
A, 515, 540, 531, 
A, 540, 567, 554, 
A, 567, 592, 578, 
A, 592, 614, 599, 
A, 614, 639, 621, 
A, 700, 701, 646, 639, 
A, 494, 470, 504, 
A, 466, 470, 494, 
A, 526, 517, 504, 
A, 550, 539, 526, 
A, 576, 562, 550, 
A, 601, 585, 576, 
A, 625, 616, 601, 
A, 649, 641, 625, 
A, 662, 675, 649, 
A, 456, 490, 455, 
A, 501, 515, 490, 
A, 528, 540, 515, 
A, 555, 567, 540, 
A, 580, 592, 567, 
A, 603, 614, 592, 
A, 628, 639, 614, 
A, 699, 700, 639, 652, 
A, 930, 951, 953, 929, 
A, 466, 494, 477, 
A, 517, 494, 504, 
A, 539, 517, 526, 
A, 562, 539, 550, 
A, 585, 562, 576, 
A, 616, 585, 601, 
A, 641, 616, 625, 
A, 675, 678, 641, 649, 
A, 929, 953, 908, 
A, 490, 487, 501, 
A, 490, 456, 487, 
A, 501, 528, 515, 
A, 528, 555, 540, 
A, 555, 580, 567, 
A, 580, 603, 592, 
A, 603, 628, 614, 
A, 628, 652, 639, 
A, 661, 699, 652, 
A, 918, 951, 930, 
A, 951, 966, 953, 
A, 477, 494, 446, 
A, 517, 508, 494, 
A, 539, 530, 517, 
A, 562, 553, 539, 
A, 585, 577, 562, 
A, 616, 595, 585, 
A, 641, 634, 616, 
A, 678, 688, 656, 641, 
A, 908, 953, 950, 911, 
A, 966, 968, 953, 
A, 459, 501, 487, 
A, 512, 528, 501, 
A, 538, 555, 528, 
A, 568, 580, 555, 
A, 597, 603, 580, 
A, 620, 628, 603, 
A, 645, 652, 628, 
A, 672, 661, 652, 
A, 924, 949, 951, 918, 
A, 963, 966, 951, 
A, 977, 978, 966, 
A, 991, 987, 978, 
A, 445, 494, 508, 
A, 445, 446, 494, 
A, 530, 508, 517, 
A, 553, 530, 539, 
A, 577, 553, 562, 
A, 595, 577, 585, 
A, 618, 595, 616, 
A, 634, 618, 616, 
A, 656, 634, 641, 
A, 688, 677, 656, 
A, 911, 950, 907, 
A, 968, 950, 953, 
A, 501, 451, 512, 
A, 459, 451, 501, 
A, 512, 538, 528, 
A, 538, 568, 555, 
A, 568, 597, 580, 
A, 597, 620, 603, 
A, 620, 645, 628, 
A, 669, 672, 652, 645, 
A, 914, 949, 924, 
A, 949, 963, 951, 
A, 963, 977, 966, 
A, 977, 991, 978, 
A, 991, 1003, 987, 
A, 499, 445, 508, 
A, 447, 445, 499, 
A, 530, 521, 508, 
A, 553, 544, 530, 
A, 577, 566, 553, 
A, 595, 589, 577, 
A, 618, 608, 595, 
A, 634, 630, 618, 
A, 656, 651, 634, 
A, 677, 679, 656, 
A, 907, 950, 947, 919, 
A, 968, 965, 950, 
A, 987, 982, 968, 
A, 1014, 1003, 1017, 
A, 1003, 999, 987, 
A, 451, 497, 512, 
A, 451, 458, 497, 
A, 523, 538, 512, 
A, 548, 568, 538, 
A, 591, 597, 568, 
A, 612, 620, 597, 
A, 637, 645, 620, 
A, 698, 669, 645, 
A, 927, 946, 949, 914, 
A, 961, 963, 949, 
A, 975, 977, 963, 
A, 988, 991, 977, 
A, 1000, 1003, 991, 
A, 1012, 1017, 1003, 
A, 447, 499, 483, 
A, 521, 499, 508, 
A, 544, 521, 530, 
A, 566, 544, 553, 
A, 589, 566, 577, 
A, 608, 589, 595, 
A, 630, 608, 618, 
A, 651, 630, 634, 
A, 679, 664, 651, 656, 
A, 919, 947, 917, 
A, 965, 947, 950, 
A, 982, 965, 968, 
A, 999, 982, 987, 
A, 1014, 999, 1003, 
A, 484, 497, 458, 
A, 497, 523, 512, 
A, 523, 548, 538, 
A, 548, 569, 568, 
A, 569, 591, 568, 
A, 591, 612, 597, 
A, 612, 637, 620, 
A, 698, 645, 637, 
A, 921, 946, 927, 
A, 946, 961, 949, 
A, 961, 975, 963, 
A, 975, 988, 977, 
A, 988, 1000, 991, 
A, 1000, 1012, 1003, 
A, 1012, 1024, 1017, 
A, 1024, 1035, 1027, 
A, 489, 483, 499, 
A, 489, 461, 483, 
A, 521, 513, 499, 
A, 544, 534, 521, 
A, 566, 556, 544, 
A, 589, 579, 566, 
A, 608, 602, 589, 
A, 630, 622, 608, 
A, 651, 644, 630, 
A, 664, 697, 651, 
A, 917, 947, 945, 922, 
A, 965, 962, 947, 
A, 982, 980, 965, 
A, 999, 995, 982, 
A, 1014, 1010, 999, 
A, 1027, 1026, 1014, 
A, 1056, 1053, 1046, 
A, 471, 497, 484, 
A, 506, 523, 497, 
A, 523, 533, 548, 
A, 581, 591, 569, 
A, 605, 612, 591, 
A, 629, 637, 612, 
A, 698, 637, 654, 
A, 939, 946, 921, 
A, 957, 961, 946, 
A, 972, 975, 961, 
A, 985, 988, 975, 
A, 997, 1000, 988, 
A, 1008, 1012, 1000, 
A, 1021, 1024, 1012, 
A, 1033, 1035, 1024, 
A, 1043, 1046, 1035, 
A, 1054, 1056, 1046, 
A, 1063, 1065, 1056, 
A, 461, 489, 464, 
A, 513, 489, 499, 
A, 534, 513, 521, 
A, 556, 534, 544, 
A, 579, 556, 566, 
A, 602, 579, 589, 
A, 622, 602, 608, 
A, 644, 622, 630, 
A, 697, 694, 644, 651, 
A, 922, 945, 926, 
A, 962, 945, 947, 
A, 980, 962, 965, 
A, 995, 980, 982, 
A, 1010, 995, 999, 
A, 1026, 1010, 1014, 
A, 1039, 1026, 1027, 
A, 1053, 1039, 1046, 
A, 1065, 1053, 1056, 
A, 1076, 1065, 1074, 
A, 1074, 1084, 1076, 
A, 497, 463, 506, 
A, 471, 463, 497, 
A, 506, 533, 523, 
A, 557, 581, 569, 
A, 581, 605, 591, 
A, 605, 629, 612, 
A, 629, 654, 637, 
A, 928, 957, 946, 939, 
A, 957, 972, 961, 
A, 972, 985, 975, 
A, 985, 997, 988, 
A, 997, 1008, 1000, 
A, 1008, 1021, 1012, 
A, 1021, 1033, 1024, 
A, 1033, 1043, 1035, 
A, 1043, 1054, 1046, 
A, 1054, 1063, 1056, 
A, 1063, 1074, 1065, 
A, 464, 489, 462, 
A, 513, 503, 489, 
A, 534, 525, 513, 
A, 556, 546, 534, 
A, 579, 571, 556, 
A, 602, 593, 579, 
A, 622, 613, 602, 
A, 644, 635, 622, 
A, 694, 696, 659, 644, 
A, 926, 945, 944, 932, 
A, 962, 960, 945, 
A, 980, 976, 962, 
A, 995, 993, 980, 
A, 1010, 1007, 995, 
A, 1026, 1022, 1010, 
A, 1039, 1036, 1026, 
A, 1053, 1049, 1039, 
A, 1065, 1060, 1053, 
A, 1076, 1071, 1065, 
A, 1084, 1081, 1076, 
A, 1074, 1083, 1084, 
A, 463, 492, 506, 
A, 463, 460, 492, 
A, 518, 533, 506, 
A, 543, 557, 533, 
A, 572, 581, 557, 
A, 598, 605, 581, 
A, 623, 629, 605, 
A, 647, 654, 629, 
A, 670, 660, 654, 
A, 933, 952, 957, 928, 
A, 967, 972, 957, 
A, 981, 985, 972, 
A, 994, 997, 985, 
A, 1006, 1008, 997, 
A, 1019, 1021, 1008, 
A, 1030, 1033, 1021, 
A, 1040, 1043, 1033, 
A, 1050, 1054, 1043, 
A, 1061, 1063, 1054, 
A, 1063, 1070, 1074, 
A, 476, 489, 503, 
A, 462, 489, 476, 
A, 525, 503, 513, 
A, 546, 525, 534, 
A, 571, 546, 556, 
A, 593, 571, 579, 
A, 613, 593, 602, 
A, 635, 613, 622, 
A, 659, 635, 644, 
A, 696, 685, 659, 
A, 932, 944, 931, 
A, 960, 944, 945, 
A, 976, 960, 962, 
A, 993, 976, 980, 
A, 1007, 993, 995, 
A, 1022, 1007, 1010, 
A, 1036, 1022, 1026, 
A, 1049, 1036, 1039, 
A, 1060, 1049, 1053, 
A, 1071, 1060, 1065, 
A, 1081, 1071, 1076, 
A, 1090, 1081, 1084, 
A, 1094, 1090, 1084, 
A, 1092, 1094, 1084, 
A, 1083, 1092, 1084, 
A, 1070, 1083, 1074, 
A, 473, 492, 460, 
A, 492, 518, 506, 
A, 518, 543, 533, 
A, 543, 572, 557, 
A, 572, 598, 581, 
A, 598, 623, 605, 
A, 623, 647, 629, 
A, 668, 670, 654, 647, 
A, 913, 952, 933, 
A, 952, 967, 957, 
A, 967, 981, 972, 
A, 981, 994, 985, 
A, 994, 1006, 997, 
A, 1006, 1019, 1008, 
A, 1019, 1030, 1021, 
A, 1030, 1040, 1033, 
A, 1040, 1050, 1043, 
A, 1050, 1061, 1054, 
A, 1061, 1070, 1063, 
A, 493, 476, 503, 
A, 493, 474, 476, 
A, 525, 516, 503, 
A, 546, 537, 525, 
A, 571, 559, 546, 
A, 593, 582, 571, 
A, 613, 604, 593, 
A, 635, 626, 613, 
A, 659, 650, 635, 
A, 685, 686, 659, 
A, 931, 944, 943, 
A, 960, 958, 944, 
A, 976, 973, 960, 
A, 993, 990, 976, 
A, 1007, 1004, 993, 
A, 1022, 1018, 1007, 
A, 1036, 1032, 1022, 
A, 1049, 1044, 1036, 
A, 1060, 1057, 1049, 
A, 1071, 1067, 1060, 
A, 1081, 1077, 1071, 
A, 1090, 1088, 1081, 
A, 1083, 1089, 1092, 
A, 1070, 1079, 1083, 
A, 465, 492, 473, 
A, 502, 518, 492, 
A, 527, 543, 518, 
A, 551, 572, 543, 
A, 594, 598, 572, 
A, 617, 623, 598, 
A, 640, 647, 623, 
A, 695, 668, 647, 
A, 920, 948, 952, 913, 
A, 964, 967, 952, 
A, 979, 981, 967, 
A, 992, 994, 981, 
A, 1005, 1006, 994, 
A, 1016, 1019, 1006, 
A, 1028, 1030, 1019, 
A, 1038, 1040, 1030, 
A, 1047, 1050, 1040, 
A, 1058, 1061, 1050, 
A, 1061, 1068, 1070, 
A, 474, 493, 480, 
A, 516, 493, 503, 
A, 537, 516, 525, 
A, 559, 537, 546, 
A, 582, 559, 571, 
A, 604, 582, 593, 
A, 626, 604, 613, 
A, 650, 626, 635, 
A, 686, 663, 650, 659, 
A, 943, 944, 958, 941, 
A, 973, 958, 960, 
A, 990, 973, 976, 
A, 1004, 990, 993, 
A, 1018, 1004, 1007, 
A, 1032, 1018, 1022, 
A, 1044, 1032, 1036, 
A, 1057, 1044, 1049, 
A, 1067, 1057, 1060, 
A, 1077, 1067, 1071, 
A, 1088, 1077, 1081, 
A, 1097, 1088, 1090, 
A, 1102, 1099, 1094, 
A, 1089, 1098, 1092, 
A, 1079, 1089, 1083, 
A, 1068, 1079, 1070, 
A, 492, 475, 502, 
A, 492, 465, 475, 
A, 502, 527, 518, 
A, 527, 551, 543, 
A, 551, 573, 572, 
A, 573, 594, 572, 
A, 594, 617, 598, 
A, 617, 640, 623, 
A, 690, 695, 647, 640, 
A, 912, 948, 920, 
A, 948, 964, 952, 
A, 964, 979, 967, 
A, 979, 992, 981, 
A, 992, 1005, 994, 
A, 1005, 1016, 1006, 
A, 1016, 1028, 1019, 
A, 1028, 1038, 1030, 
A, 1038, 1047, 1040, 
A, 1047, 1058, 1050, 
A, 1058, 1068, 1061, 
A, 480, 493, 454, 
A, 516, 507, 493, 
A, 537, 529, 516, 
A, 559, 552, 537, 
A, 582, 574, 559, 
A, 604, 596, 582, 
A, 626, 619, 604, 
A, 650, 642, 626, 
A, 663, 683, 650, 
A, 941, 958, 956, 942, 
A, 973, 971, 958, 
A, 990, 986, 973, 
A, 1004, 1001, 990, 
A, 1018, 1015, 1004, 
A, 1032, 1029, 1018, 
A, 1044, 1041, 1032, 
A, 1057, 1051, 1044, 
A, 1067, 1064, 1057, 
A, 1077, 1075, 1067, 
A, 1088, 1085, 1077, 
A, 1097, 1095, 1088, 
A, 1099, 1105, 1097, 
A, 1108, 1102, 1098, 
A, 1102, 1110, 1099, 
A, 1089, 1096, 1098, 
A, 1079, 1087, 1089, 
A, 1068, 1078, 1079, 
A, 475, 486, 502, 
A, 450, 486, 475, 
A, 514, 527, 502, 
A, 535, 551, 527, 
A, 558, 573, 551, 
A, 584, 594, 573, 
A, 610, 617, 594, 
A, 632, 640, 617, 
A, 691, 690, 640, 655, 
A, 940, 948, 912, 
A, 959, 964, 948, 
A, 974, 979, 964, 
A, 989, 992, 979, 
A, 1002, 1005, 992, 
A, 1013, 1016, 1005, 
A, 1023, 1028, 1016, 
A, 1034, 1038, 1028, 
A, 1045, 1047, 1038, 
A, 1055, 1058, 1047, 
A, 1066, 1068, 1058, 
A, 448, 493, 507, 
A, 448, 454, 493, 
A, 529, 507, 516, 
A, 552, 529, 537, 
A, 574, 552, 559, 
A, 596, 574, 582, 
A, 619, 596, 604, 
A, 642, 619, 626, 
A, 683, 674, 642, 650, 
A, 942, 956, 935, 
A, 971, 956, 958, 
A, 986, 971, 973, 
A, 1001, 986, 990, 
A, 1015, 1001, 1004, 
A, 1029, 1015, 1018, 
A, 1041, 1029, 1032, 
A, 1051, 1041, 1044, 
A, 1064, 1051, 1057, 
A, 1075, 1064, 1067, 
A, 1085, 1075, 1077, 
A, 1095, 1085, 1088, 
A, 1104, 1095, 1097, 
A, 1105, 1104, 1097, 
A, 1110, 1105, 1099, 
A, 1108, 1110, 1102, 
A, 1096, 1103, 1098, 
A, 1087, 1096, 1089, 
A, 1078, 1087, 1079, 
A, 1073, 1078, 1068, 
A, 453, 486, 450, 
A, 486, 514, 502, 
A, 514, 535, 527, 
A, 535, 558, 551, 
A, 558, 584, 573, 
A, 584, 610, 594, 
A, 610, 632, 617, 
A, 632, 655, 640, 
A, 665, 691, 655, 
A, 937, 959, 948, 940, 
A, 959, 974, 964, 
A, 974, 989, 979, 
A, 989, 1002, 992, 
A, 1002, 1013, 1005, 
A, 1013, 1023, 1016, 
A, 1023, 1034, 1028, 
A, 1034, 1045, 1038, 
A, 1045, 1055, 1047, 
A, 1055, 1066, 1058, 
A, 1066, 1073, 1068, 
A, 498, 448, 507, 
A, 457, 448, 498, 
A, 529, 520, 507, 
A, 552, 542, 529, 
A, 574, 565, 552, 
A, 596, 587, 574, 
A, 619, 609, 596, 
A, 642, 633, 619, 
A, 674, 693, 658, 642, 
A, 935, 956, 955, 936, 
A, 971, 970, 956, 
A, 986, 983, 971, 
A, 1001, 996, 986, 
A, 1015, 1011, 1001, 
A, 1029, 1025, 1015, 
A, 1041, 1037, 1029, 
A, 1051, 1048, 1041, 
A, 1064, 1059, 1051, 
A, 1075, 1069, 1064, 
A, 1085, 1082, 1075, 
A, 1095, 1091, 1085, 
A, 1104, 1100, 1095, 
A, 1105, 1111, 1104, 
A, 1110, 1112, 1105, 
A, 1114, 1108, 1107, 
A, 1108, 1115, 1110, 
A, 1103, 1106, 1107, 
A, 1096, 1101, 1103, 
A, 1087, 1093, 1096, 
A, 1078, 1086, 1087, 
A, 1073, 1080, 1078, 
A, 452, 486, 453, 
A, 500, 514, 486, 
A, 519, 535, 514, 
A, 541, 558, 535, 
A, 564, 584, 558, 
A, 607, 610, 584, 
A, 627, 632, 610, 
A, 648, 655, 632, 
A, 671, 665, 655, 
A, 938, 954, 959, 937, 
A, 969, 974, 959, 
A, 984, 989, 974, 
A, 998, 1002, 989, 
A, 1009, 1013, 1002, 
A, 1020, 1023, 1013, 
A, 1031, 1034, 1023, 
A, 1042, 1045, 1034, 
A, 1052, 1055, 1045, 
A, 1062, 1066, 1055, 
A, 1066, 1072, 1073, 
A, 457, 498, 485, 
A, 520, 498, 507, 
A, 542, 520, 529, 
A, 565, 542, 552, 
A, 587, 565, 574, 
A, 609, 587, 596, 
A, 633, 609, 619, 
A, 658, 633, 642, 
A, 693, 684, 658, 
A, 936, 955, 923, 
A, 970, 955, 956, 
A, 983, 970, 971, 
A, 996, 983, 986, 
A, 1011, 996, 1001, 
A, 1025, 1011, 1015, 
A, 1037, 1025, 1029, 
A, 1048, 1037, 1041, 
A, 1059, 1048, 1051, 
A, 1069, 1059, 1064, 
A, 1082, 1069, 1075, 
A, 1091, 1082, 1085, 
A, 1100, 1091, 1095, 
A, 1109, 1100, 1104, 
A, 1111, 1109, 1104, 
A, 1112, 1111, 1105, 
A, 1116, 1112, 1110, 
A, 1115, 1116, 1110, 
A, 1114, 1115, 1108, 
A, 1101, 1106, 1103, 
A, 1093, 1101, 1096, 
A, 1086, 1093, 1087, 
A, 1080, 1086, 1078, 
A, 1072, 1080, 1073, 
A, 486, 488, 500, 
A, 486, 452, 488, 
A, 500, 519, 514, 
A, 519, 541, 535, 
A, 541, 564, 558, 
A, 564, 586, 584, 
A, 586, 607, 584, 
A, 607, 627, 610, 
A, 627, 648, 632, 
A, 667, 671, 655, 648, 
A, 916, 954, 938, 
A, 954, 969, 959, 
A, 969, 984, 974, 
A, 984, 998, 989, 
A, 998, 1009, 1002, 
A, 1009, 1020, 1013, 
A, 1020, 1031, 1023, 
A, 1031, 1042, 1034, 
A, 1042, 1052, 1045, 
A, 1052, 1062, 1055, 
A, 1062, 1072, 1066, 
A, 44, 43, 56, 
A, 44, 35, 43, 
A, 141, 160, 156, 
A, 141, 146, 160, 
A, 95, 99, 83, 
A, 95, 108, 99, 
A, 56, 51, 65, 
A, 56, 43, 51, 
A, 71, 74, 60, 
A, 71, 84, 74, 
A, 42, 32, 27, 
A, 42, 49, 32, 
A, 146, 141, 126, 
A, 226, 221, 213, 
A, 229, 226, 213, 
A, 20, 26, 31, 
A, 20, 15, 26, 
A, 37, 46, 53, 
A, 37, 30, 46, 
A, 1, 9, 6, 
A, 1, 2, 9, 
A, 251, 258, 203, 
A, 203, 190, 179, 
A, 258, 242, 210, 203, 
A, 173, 160, 179, 
A, 166, 179, 160, 
A, 187, 203, 179, 
A, 248, 251, 203, 206, 
A, 190, 173, 179, 
A, 210, 190, 203, 
A, 242, 239, 210, 
A, 173, 156, 160, 
A, 146, 166, 160, 
A, 166, 187, 179, 
A, 187, 206, 203, 
A, 254, 248, 206, 
A, 190, 181, 173, 
A, 210, 200, 190, 
A, 239, 236, 210, 
A, 162, 156, 173, 
A, 143, 141, 156, 
A, 141, 123, 126, 
A, 107, 126, 123, 
A, 133, 146, 126, 
A, 152, 166, 146, 
A, 171, 187, 166, 
A, 191, 206, 187, 
A, 217, 254, 206, 211, 
A, 216, 217, 211, 
A, 181, 162, 173, 
A, 200, 181, 190, 
A, 236, 247, 200, 210, 
A, 162, 143, 156, 
A, 143, 123, 141, 
A, 123, 102, 107, 
A, 92, 107, 102, 
A, 107, 115, 126, 
A, 115, 133, 126, 
A, 133, 152, 146, 
A, 152, 171, 166, 
A, 171, 191, 187, 
A, 191, 211, 206, 
A, 218, 216, 211, 
A, 181, 170, 162, 
A, 200, 189, 181, 
A, 247, 243, 208, 200, 
A, 102, 82, 92, 
A, 149, 143, 162, 
A, 130, 123, 143, 
A, 111, 102, 123, 
A, 89, 107, 92, 
A, 99, 115, 107, 
A, 121, 133, 115, 
A, 137, 152, 133, 
A, 155, 171, 152, 
A, 175, 191, 171, 
A, 191, 195, 211, 
A, 250, 218, 211, 195, 
A, 170, 149, 162, 
A, 189, 170, 181, 
A, 208, 189, 200, 
A, 243, 249, 208, 
A, 82, 76, 92, 
A, 93, 82, 102, 
A, 149, 130, 143, 
A, 130, 111, 123, 
A, 111, 93, 102, 
A, 76, 89, 92, 
A, 89, 99, 107, 
A, 99, 108, 115, 
A, 108, 121, 115, 
A, 121, 137, 133, 
A, 137, 155, 152, 
A, 155, 175, 171, 
A, 175, 195, 191, 
A, 241, 250, 195, 209, 
A, 244, 241, 209, 
A, 170, 157, 149, 
A, 189, 177, 170, 
A, 208, 198, 189, 
A, 249, 235, 208, 
A, 82, 65, 76, 
A, 93, 78, 82, 
A, 138, 130, 149, 
A, 119, 111, 130, 
A, 100, 93, 111, 
A, 61, 76, 65, 
A, 73, 89, 76, 
A, 89, 83, 99, 
A, 110, 121, 108, 
A, 125, 137, 121, 
A, 140, 155, 137, 
A, 158, 175, 155, 
A, 176, 195, 175, 
A, 194, 209, 195, 
A, 222, 244, 209, 
A, 157, 138, 149, 
A, 177, 157, 170, 
A, 198, 177, 189, 
A, 235, 238, 198, 208, 
A, 78, 65, 82, 
A, 81, 78, 93, 
A, 138, 119, 130, 
A, 119, 100, 111, 
A, 100, 81, 93, 
A, 51, 61, 65, 
A, 61, 73, 76, 
A, 73, 83, 89, 
A, 95, 110, 108, 
A, 110, 125, 121, 
A, 125, 140, 137, 
A, 140, 158, 155, 
A, 158, 176, 175, 
A, 176, 194, 195, 
A, 224, 222, 209, 194, 
A, 157, 147, 138, 
A, 177, 167, 157, 
A, 198, 188, 177, 
A, 238, 240, 207, 198, 
A, 67, 65, 78, 
A, 81, 67, 78, 
A, 127, 119, 138, 
A, 109, 100, 119, 
A, 90, 81, 100, 
A, 48, 61, 51, 
A, 58, 73, 61, 
A, 68, 83, 73, 
A, 80, 95, 83, 
A, 94, 110, 95, 
A, 112, 125, 110, 
A, 128, 140, 125, 
A, 144, 158, 140, 
A, 161, 176, 158, 
A, 178, 194, 176, 
A, 225, 224, 194, 196, 
A, 147, 127, 138, 
A, 167, 147, 157, 
A, 188, 167, 177, 
A, 207, 188, 198, 
A, 240, 256, 207, 
A, 43, 39, 51, 
A, 67, 56, 65, 
A, 72, 67, 81, 
A, 127, 109, 119, 
A, 109, 90, 100, 
A, 90, 72, 81, 
A, 39, 48, 51, 
A, 48, 58, 61, 
A, 58, 68, 73, 
A, 68, 80, 83, 
A, 80, 94, 95, 
A, 94, 112, 110, 
A, 112, 128, 125, 
A, 128, 144, 140, 
A, 144, 161, 158, 
A, 161, 178, 176, 
A, 178, 196, 194, 
A, 221, 225, 196, 213, 
A, 147, 135, 127, 
A, 167, 154, 147, 
A, 188, 174, 167, 
A, 207, 193, 188, 
A, 256, 231, 215, 207, 
A, 43, 31, 39, 
A, 55, 56, 67, 
A, 72, 55, 67, 
A, 116, 109, 127, 
A, 97, 90, 109, 
A, 79, 72, 90, 
A, 34, 48, 39, 
A, 45, 58, 48, 
A, 54, 68, 58, 
A, 64, 80, 68, 
A, 74, 94, 80, 
A, 98, 112, 94, 
A, 114, 128, 112, 
A, 129, 144, 128, 
A, 145, 161, 144, 
A, 164, 178, 161, 
A, 180, 196, 178, 
A, 197, 213, 196, 
A, 233, 229, 213, 214, 
A, 135, 116, 127, 
A, 154, 135, 147, 
A, 174, 154, 167, 
A, 193, 174, 188, 
A, 215, 193, 207, 
A, 231, 227, 215, 
A, 31, 26, 39, 
A, 35, 31, 43, 
A, 55, 44, 56, 
A, 62, 55, 72, 
A, 116, 97, 109, 
A, 97, 79, 90, 
A, 79, 62, 72, 
A, 26, 34, 39, 
A, 34, 45, 48, 
A, 45, 54, 58, 
A, 54, 64, 68, 
A, 64, 74, 80, 
A, 74, 84, 94, 
A, 84, 98, 94, 
A, 98, 114, 112, 
A, 114, 129, 128, 
A, 129, 145, 144, 
A, 145, 164, 161, 
A, 164, 180, 178, 
A, 180, 197, 196, 
A, 197, 214, 213, 
A, 232, 233, 214, 
A, 135, 124, 116, 
A, 154, 142, 135, 
A, 174, 163, 154, 
A, 193, 185, 174, 
A, 215, 204, 193, 
A, 227, 230, 215, 
A, 35, 24, 31, 
A, 38, 44, 55, 
A, 44, 29, 35, 
A, 62, 46, 55, 
A, 105, 97, 116, 
A, 87, 79, 97, 
A, 69, 62, 79, 
A, 19, 34, 26, 
A, 28, 45, 34, 
A, 40, 54, 45, 
A, 50, 64, 54, 
A, 64, 60, 74, 
A, 86, 98, 84, 
A, 101, 114, 98, 
A, 117, 129, 114, 
A, 132, 145, 129, 
A, 148, 164, 145, 
A, 165, 180, 164, 
A, 183, 197, 180, 
A, 199, 214, 197, 
A, 228, 232, 214, 
A, 124, 105, 116, 
A, 142, 124, 135, 
A, 163, 142, 154, 
A, 185, 163, 174, 
A, 204, 185, 193, 
A, 230, 253, 204, 215, 
A, 15, 19, 26, 
A, 24, 20, 31, 
A, 29, 24, 35, 
A, 46, 38, 55, 
A, 38, 29, 44, 
A, 53, 46, 62, 
A, 105, 87, 97, 
A, 87, 69, 79, 
A, 69, 53, 62, 
A, 19, 28, 34, 
A, 28, 40, 45, 
A, 40, 50, 54, 
A, 50, 60, 64, 
A, 71, 86, 84, 
A, 86, 101, 98, 
A, 101, 117, 114, 
A, 117, 132, 129, 
A, 132, 148, 145, 
A, 148, 165, 164, 
A, 165, 183, 180, 
A, 183, 199, 197, 
A, 234, 228, 214, 199, 
A, 124, 113, 105, 
A, 142, 131, 124, 
A, 163, 151, 142, 
A, 185, 172, 163, 
A, 204, 192, 185, 
A, 253, 220, 212, 204, 
A, 15, 9, 19, 
A, 20, 11, 15, 
A, 24, 13, 20, 
A, 29, 18, 24, 
A, 30, 38, 46, 
A, 38, 23, 29, 
A, 96, 87, 105, 
A, 77, 69, 87, 
A, 69, 59, 53, 
A, 16, 28, 19, 
A, 25, 40, 28, 
A, 36, 50, 40, 
A, 47, 60, 50, 
A, 57, 71, 60, 
A, 70, 86, 71, 
A, 88, 101, 86, 
A, 104, 117, 101, 
A, 118, 132, 117, 
A, 134, 148, 132, 
A, 150, 165, 148, 
A, 168, 183, 165, 
A, 184, 199, 183, 
A, 237, 234, 199, 201, 
A, 113, 96, 105, 
A, 131, 113, 124, 
A, 151, 131, 142, 
A, 172, 151, 163, 
A, 192, 172, 185, 
A, 212, 192, 204, 
A, 220, 219, 212, 
A, 9, 10, 19, 
A, 6, 9, 15, 
A, 11, 6, 15, 
A, 13, 11, 20, 
A, 18, 13, 24, 
A, 23, 18, 29, 
A, 30, 23, 38, 
A, 42, 37, 53, 
A, 59, 42, 53, 
A, 96, 77, 87, 
A, 77, 59, 69, 
A, 10, 16, 19, 
A, 16, 25, 28, 
A, 25, 36, 40, 
A, 36, 47, 50, 
A, 47, 57, 60, 
A, 57, 70, 71, 
A, 70, 88, 86, 
A, 88, 104, 101, 
A, 104, 118, 117, 
A, 118, 134, 132, 
A, 134, 150, 148, 
A, 150, 168, 165, 
A, 168, 184, 183, 
A, 184, 201, 199, 
A, 246, 237, 201, 
A, 113, 103, 96, 
A, 131, 120, 113, 
A, 151, 139, 131, 
A, 172, 159, 151, 
A, 192, 182, 172, 
A, 212, 202, 192, 
A, 219, 223, 212, 
A, 2, 10, 9, 
A, 11, 4, 6, 
A, 13, 5, 11, 
A, 18, 8, 13, 
A, 23, 12, 18, 
A, 30, 17, 23, 
A, 27, 37, 42, 
A, 37, 22, 30, 
A, 59, 49, 42, 
A, 85, 77, 96, 
A, 77, 66, 59, 
A, 7, 16, 10, 
A, 14, 25, 16, 
A, 21, 36, 25, 
A, 33, 47, 36, 
A, 41, 57, 47, 
A, 52, 70, 57, 
A, 75, 88, 70, 
A, 91, 104, 88, 
A, 106, 118, 104, 
A, 122, 134, 118, 
A, 136, 150, 134, 
A, 153, 168, 150, 
A, 169, 184, 168, 
A, 186, 201, 184, 
A, 245, 246, 201, 205, 
A, 103, 85, 96, 
A, 120, 103, 113, 
A, 139, 120, 131, 
A, 159, 139, 151, 
A, 182, 159, 172, 
A, 202, 182, 192, 
A, 223, 252, 202, 212, 
A, 2, 3, 10, 
A, 4, 1, 6, 
A, 5, 4, 11, 
A, 8, 5, 13, 
A, 12, 8, 18, 
A, 17, 12, 23, 
A, 22, 17, 30, 
A, 27, 22, 37, 
A, 66, 49, 59, 
A, 85, 66, 77, 
A, 3, 7, 10, 
A, 7, 14, 16, 
A, 14, 21, 25, 
A, 21, 33, 36, 
A, 33, 41, 47, 
A, 41, 52, 57, 
A, 52, 63, 70, 
A, 63, 75, 70, 
A, 75, 91, 88, 
A, 91, 106, 104, 
A, 106, 122, 118, 
A, 122, 136, 134, 
A, 136, 153, 150, 
A, 153, 169, 168, 
A, 169, 186, 184, 
A, 186, 205, 201, 
A, 257, 245, 205, 
A, 692, 704, 689, 
A, 689, 704, 682, 
A, 865, 837, 854, 
A, 865, 846, 837, 
A, 704, 719, 721, 
A, 680, 719, 704, 692, 
A, 802, 783, 795, 
A, 802, 778, 783, 
A, 869, 882, 886, 
A, 869, 864, 882, 
A, 681, 715, 719, 680, 
A, 666, 715, 681, 
A, 715, 741, 719, 
A, 778, 763, 783, 
A, 757, 741, 763, 
A, 741, 737, 719, 
A, 676, 709, 715, 666, 
A, 733, 741, 715, 
A, 755, 763, 741, 
A, 776, 783, 763, 
A, 737, 721, 719, 
A, 778, 757, 763, 
A, 757, 737, 741, 
A, 824, 802, 815, 
A, 673, 709, 676, 
A, 709, 733, 715, 
A, 733, 755, 741, 
A, 755, 776, 763, 
A, 776, 795, 783, 
A, 795, 815, 802, 
A, 815, 829, 824, 
A, 829, 843, 824, 
A, 682, 704, 687, 
A, 721, 712, 704, 
A, 737, 734, 721, 
A, 774, 757, 778, 
A, 757, 754, 737, 
A, 802, 796, 778, 
A, 824, 820, 802, 
A, 843, 840, 824, 
A, 701, 702, 709, 673, 
A, 726, 733, 709, 
A, 746, 755, 733, 
A, 767, 776, 755, 
A, 788, 795, 776, 
A, 804, 815, 795, 
A, 823, 829, 815, 
A, 842, 843, 829, 
A, 859, 864, 843, 
A, 687, 704, 712, 662, 
A, 734, 712, 721, 
A, 754, 734, 737, 
A, 796, 774, 778, 
A, 774, 754, 757, 
A, 820, 796, 802, 
A, 840, 820, 824, 
A, 864, 840, 843, 
A, 882, 864, 878, 
A, 700, 702, 701, 
A, 702, 726, 709, 
A, 726, 746, 733, 
A, 746, 767, 755, 
A, 767, 788, 776, 
A, 788, 804, 795, 
A, 804, 823, 815, 
A, 823, 842, 829, 
A, 842, 859, 843, 
A, 859, 878, 864, 
A, 878, 894, 882, 
A, 662, 712, 705, 675, 
A, 734, 727, 712, 
A, 754, 748, 734, 
A, 789, 774, 796, 
A, 774, 769, 754, 
A, 820, 808, 796, 
A, 848, 820, 840, 
A, 864, 848, 840, 
A, 902, 882, 894, 
A, 910, 902, 894, 
A, 699, 702, 700, 
A, 717, 726, 702, 
A, 740, 746, 726, 
A, 761, 767, 746, 
A, 781, 788, 767, 
A, 799, 804, 788, 
A, 817, 823, 804, 
A, 835, 842, 823, 
A, 855, 859, 842, 
A, 872, 878, 859, 
A, 888, 894, 878, 
A, 905, 910, 894, 
A, 930, 929, 910, 
A, 675, 705, 678, 
A, 727, 705, 712, 
A, 748, 727, 734, 
A, 769, 748, 754, 
A, 808, 789, 796, 
A, 789, 769, 774, 
A, 828, 808, 820, 
A, 848, 828, 820, 
A, 869, 848, 864, 
A, 902, 886, 882, 
A, 929, 908, 902, 910, 
A, 661, 717, 702, 699, 
A, 717, 740, 726, 
A, 740, 761, 746, 
A, 761, 781, 767, 
A, 781, 799, 788, 
A, 799, 817, 804, 
A, 817, 835, 823, 
A, 835, 855, 842, 
A, 855, 872, 859, 
A, 872, 888, 878, 
A, 888, 905, 894, 
A, 918, 930, 910, 905, 
A, 678, 705, 688, 
A, 727, 720, 705, 
A, 748, 742, 727, 
A, 769, 762, 748, 
A, 809, 789, 808, 
A, 789, 784, 769, 
A, 828, 809, 808, 
A, 854, 828, 848, 
A, 869, 854, 848, 
A, 886, 876, 869, 
A, 902, 899, 886, 
A, 908, 911, 902, 
A, 672, 708, 717, 661, 
A, 731, 740, 717, 
A, 752, 761, 740, 
A, 773, 781, 761, 
A, 793, 799, 781, 
A, 812, 817, 799, 
A, 830, 835, 817, 
A, 849, 855, 835, 
A, 867, 872, 855, 
A, 884, 888, 872, 
A, 901, 905, 888, 
A, 924, 918, 905, 
A, 688, 705, 720, 677, 
A, 742, 720, 727, 
A, 762, 742, 748, 
A, 784, 762, 769, 
A, 809, 784, 789, 
A, 837, 809, 828, 
A, 854, 837, 828, 
A, 876, 854, 869, 
A, 899, 876, 886, 
A, 911, 907, 899, 902, 
A, 669, 708, 672, 
A, 708, 731, 717, 
A, 731, 752, 740, 
A, 752, 773, 761, 
A, 773, 793, 781, 
A, 793, 812, 799, 
A, 812, 830, 817, 
A, 830, 849, 835, 
A, 849, 867, 855, 
A, 867, 884, 872, 
A, 884, 901, 888, 
A, 914, 924, 905, 901, 
A, 677, 720, 713, 679, 
A, 742, 735, 720, 
A, 762, 756, 742, 
A, 784, 777, 762, 
A, 809, 801, 784, 
A, 837, 822, 809, 
A, 876, 865, 854, 
A, 899, 893, 876, 
A, 907, 919, 899, 
A, 724, 731, 708, 
A, 745, 752, 731, 
A, 766, 773, 752, 
A, 787, 793, 773, 
A, 805, 812, 793, 
A, 825, 830, 812, 
A, 844, 849, 830, 
A, 861, 867, 849, 
A, 879, 884, 867, 
A, 896, 901, 884, 
A, 927, 914, 901, 
A, 679, 713, 664, 
A, 735, 713, 720, 
A, 756, 735, 742, 
A, 777, 756, 762, 
A, 801, 777, 784, 
A, 822, 801, 809, 
A, 846, 822, 837, 
A, 893, 865, 876, 
A, 919, 917, 893, 899, 
A, 698, 724, 708, 
A, 724, 745, 731, 
A, 745, 766, 752, 
A, 766, 787, 773, 
A, 787, 805, 793, 
A, 805, 825, 812, 
A, 825, 844, 830, 
A, 844, 861, 849, 
A, 861, 879, 867, 
A, 879, 896, 884, 
A, 921, 927, 901, 896, 
A, 664, 713, 706, 697, 
A, 735, 728, 713, 
A, 756, 749, 735, 
A, 777, 771, 756, 
A, 801, 792, 777, 
A, 822, 814, 801, 
A, 846, 832, 822, 
A, 865, 866, 846, 
A, 893, 883, 865, 
A, 917, 922, 893, 
A, 698, 716, 724, 
A, 739, 745, 724, 
A, 760, 766, 745, 
A, 780, 787, 766, 
A, 800, 805, 787, 
A, 818, 825, 805, 
A, 838, 844, 825, 
A, 856, 861, 844, 
A, 873, 879, 861, 
A, 890, 896, 879, 
A, 939, 921, 896, 909, 
A, 697, 706, 694, 
A, 728, 706, 713, 
A, 749, 728, 735, 
A, 771, 749, 756, 
A, 792, 771, 777, 
A, 814, 792, 801, 
A, 832, 814, 822, 
A, 850, 832, 846, 
A, 866, 850, 846, 
A, 883, 866, 865, 
A, 900, 883, 893, 
A, 922, 926, 900, 893, 
A, 660, 716, 698, 
A, 716, 739, 724, 
A, 739, 760, 745, 
A, 760, 780, 766, 
A, 780, 800, 787, 
A, 800, 818, 805, 
A, 818, 838, 825, 
A, 838, 856, 844, 
A, 856, 873, 861, 
A, 873, 890, 879, 
A, 890, 909, 896, 
A, 928, 939, 909, 
A, 694, 706, 696, 
A, 728, 722, 706, 
A, 749, 743, 728, 
A, 771, 765, 749, 
A, 792, 786, 771, 
A, 814, 807, 792, 
A, 832, 827, 814, 
A, 850, 847, 832, 
A, 866, 863, 850, 
A, 883, 880, 866, 
A, 900, 897, 883, 
A, 926, 932, 900, 
A, 670, 710, 716, 660, 
A, 730, 739, 716, 
A, 751, 760, 739, 
A, 772, 780, 760, 
A, 794, 800, 780, 
A, 813, 818, 800, 
A, 831, 838, 818, 
A, 851, 856, 838, 
A, 868, 873, 856, 
A, 887, 890, 873, 
A, 903, 909, 890, 
A, 933, 928, 909, 
A, 696, 706, 722, 685, 
A, 743, 722, 728, 
A, 765, 743, 749, 
A, 786, 765, 771, 
A, 807, 786, 792, 
A, 827, 807, 814, 
A, 847, 827, 832, 
A, 863, 847, 850, 
A, 880, 863, 866, 
A, 897, 880, 883, 
A, 932, 931, 897, 900, 
A, 668, 710, 670, 
A, 710, 730, 716, 
A, 730, 751, 739, 
A, 751, 772, 760, 
A, 772, 794, 780, 
A, 794, 813, 800, 
A, 813, 831, 818, 
A, 831, 851, 838, 
A, 851, 868, 856, 
A, 868, 887, 873, 
A, 887, 903, 890, 
A, 913, 933, 909, 903, 
A, 685, 722, 714, 686, 
A, 743, 736, 722, 
A, 765, 759, 743, 
A, 786, 782, 765, 
A, 807, 803, 786, 
A, 827, 821, 807, 
A, 847, 841, 827, 
A, 863, 860, 847, 
A, 880, 877, 863, 
A, 897, 895, 880, 
A, 931, 943, 934, 897, 
A, 695, 703, 710, 668, 
A, 725, 730, 710, 
A, 744, 751, 730, 
A, 764, 772, 751, 
A, 785, 794, 772, 
A, 806, 813, 794, 
A, 826, 831, 813, 
A, 845, 851, 831, 
A, 862, 868, 851, 
A, 881, 887, 868, 
A, 898, 903, 887, 
A, 920, 913, 903, 
A, 686, 714, 663, 
A, 736, 714, 722, 
A, 759, 736, 743, 
A, 782, 759, 765, 
A, 803, 782, 786, 
A, 821, 803, 807, 
A, 841, 821, 827, 
A, 860, 841, 847, 
A, 877, 860, 863, 
A, 895, 877, 880, 
A, 934, 895, 897, 
A, 943, 941, 934, 
A, 690, 703, 695, 
A, 703, 725, 710, 
A, 725, 744, 730, 
A, 744, 764, 751, 
A, 764, 785, 772, 
A, 785, 806, 794, 
A, 806, 826, 813, 
A, 826, 845, 831, 
A, 845, 862, 851, 
A, 862, 881, 868, 
A, 881, 898, 887, 
A, 912, 920, 903, 898, 
A, 663, 714, 707, 683, 
A, 736, 729, 714, 
A, 759, 753, 736, 
A, 782, 775, 759, 
A, 803, 797, 782, 
A, 821, 816, 803, 
A, 841, 836, 821, 
A, 860, 857, 841, 
A, 877, 875, 860, 
A, 895, 892, 877, 
A, 934, 915, 895, 
A, 941, 942, 934, 
A, 691, 703, 690, 
A, 718, 725, 703, 
A, 738, 744, 725, 
A, 758, 764, 744, 
A, 779, 785, 764, 
A, 798, 806, 785, 
A, 819, 826, 806, 
A, 839, 845, 826, 
A, 858, 862, 845, 
A, 874, 881, 862, 
A, 891, 898, 881, 
A, 940, 912, 898, 925, 
A, 683, 707, 674, 
A, 729, 707, 714, 
A, 753, 729, 736, 
A, 775, 753, 759, 
A, 797, 775, 782, 
A, 816, 797, 803, 
A, 836, 816, 821, 
A, 857, 836, 841, 
A, 875, 857, 860, 
A, 892, 875, 877, 
A, 915, 892, 895, 
A, 942, 935, 915, 934, 
A, 665, 718, 703, 691, 
A, 718, 738, 725, 
A, 738, 758, 744, 
A, 758, 779, 764, 
A, 779, 798, 785, 
A, 798, 819, 806, 
A, 819, 839, 826, 
A, 839, 858, 845, 
A, 858, 874, 862, 
A, 874, 891, 881, 
A, 891, 925, 898, 
A, 937, 940, 925, 
A, 674, 707, 693, 
A, 729, 723, 707, 
A, 753, 747, 729, 
A, 775, 768, 753, 
A, 797, 790, 775, 
A, 816, 810, 797, 
A, 836, 834, 816, 
A, 857, 853, 836, 
A, 875, 871, 857, 
A, 892, 889, 875, 
A, 915, 906, 892, 
A, 935, 936, 915, 
A, 671, 711, 718, 665, 
A, 732, 738, 718, 
A, 750, 758, 738, 
A, 770, 779, 758, 
A, 791, 798, 779, 
A, 811, 819, 798, 
A, 833, 839, 819, 
A, 852, 858, 839, 
A, 870, 874, 858, 
A, 885, 891, 874, 
A, 904, 925, 891, 
A, 938, 937, 925, 
A, 693, 707, 723, 684, 
A, 747, 723, 729, 
A, 768, 747, 753, 
A, 790, 768, 775, 
A, 810, 790, 797, 
A, 834, 810, 816, 
A, 853, 834, 836, 
A, 871, 853, 857, 
A, 889, 871, 875, 
A, 906, 889, 892, 
A, 936, 923, 906, 915, 
A, 667, 711, 671, 
A, 711, 732, 718, 
A, 732, 750, 738, 
A, 750, 770, 758, 
A, 770, 791, 779, 
A, 791, 811, 798, 
A, 811, 833, 819, 
A, 833, 852, 839, 
A, 852, 870, 858, 
A, 870, 885, 874, 
A, 885, 904, 891, 
A, 916, 938, 925, 904, 
